# Resultados de Probabilidade de Bloqueio
# Formato: Load Probabilidade
1 0.009
2 0.031
3 0.054
4 0.066
5 0.064
6 0.08
7 0.108
8 0.108
9 0.14
10 0.15
11 0.172
12 0.176
13 0.206
14 0.2
15 0.231
16 0.233
17 0.259
18 0.275
19 0.289
20 0.295
21 0.323
22 0.326
23 0.342
24 0.353
25 0.36
26 0.42
27 0.426
28 0.432
29 0.487
30 0.472
1 0.015
2 0.045
3 0.057
4 0.068
5 0.08
6 0.091
7 0.103
8 0.114
9 0.129
10 0.148
11 0.181
12 0.195
13 0.197
14 0.211
15 0.214
16 0.256
17 0.273
18 0.299
19 0.292
20 0.297
21 0.319
22 0.32
23 0.359
24 0.356
25 0.386
26 0.407
27 0.453
28 0.405
29 0.447
30 0.459
1 0.009
2 0.03
3 0.051
4 0.047
5 0.077
6 0.08
7 0.105
8 0.113
9 0.133
10 0.158
11 0.168
12 0.177
13 0.222
14 0.224
15 0.243
16 0.251
17 0.248
18 0.287
19 0.3
20 0.286
21 0.338
22 0.333
23 0.338
24 0.376
25 0.385
26 0.403
27 0.442
28 0.431
29 0.47
30 0.489
1 0.019
2 0.03
3 0.048
4 0.063
5 0.079
6 0.09
7 0.1
8 0.122
9 0.139
10 0.167
11 0.185
12 0.19
13 0.205
14 0.206
15 0.239
16 0.255
17 0.277
18 0.292
19 0.316
20 0.307
21 0.317
22 0.344
23 0.341
24 0.395
25 0.38
26 0.416
27 0.431
28 0.425
29 0.435
30 0.475
1 0.016
2 0.031
3 0.048
4 0.056
5 0.076
6 0.085
7 0.115
8 0.105
9 0.133
10 0.153
11 0.164
12 0.203
13 0.205
14 0.224
15 0.247
16 0.241
17 0.257
18 0.272
19 0.302
20 0.338
21 0.321
22 0.343
23 0.356
24 0.366
25 0.361
26 0.392
27 0.373
28 0.457
29 0.456
30 0.496
1 0.015
2 0.028
3 0.044
4 0.059
5 0.079
6 0.086
7 0.107
8 0.135
9 0.15
10 0.173
11 0.168
12 0.17
13 0.226
14 0.226
15 0.233
16 0.242
17 0.288
18 0.288
19 0.319
20 0.334
21 0.315
22 0.326
23 0.349
24 0.377
25 0.373
26 0.393
27 0.396
28 0.423
29 0.432
30 0.468
1 0.015
2 0.037
3 0.038
4 0.055
5 0.075
6 0.1
7 0.088
8 0.117
9 0.126
10 0.161
11 0.16
12 0.196
13 0.219
14 0.22
15 0.223
16 0.266
17 0.263
18 0.293
19 0.275
20 0.298
21 0.317
22 0.293
23 0.325
24 0.356
25 0.367
26 0.394
27 0.437
28 0.437
29 0.471
30 0.451
1 0.019
2 0.034
3 0.049
4 0.047
5 0.07
6 0.101
7 0.109
8 0.114
9 0.143
10 0.134
11 0.148
12 0.181
13 0.212
14 0.207
15 0.239
16 0.24
17 0.244
18 0.284
19 0.269
20 0.282
21 0.299
22 0.347
23 0.355
24 0.376
25 0.402
26 0.387
27 0.406
28 0.424
29 0.429
30 0.462
1 0.012
2 0.033
3 0.05
4 0.057
5 0.084
6 0.094
7 0.095
8 0.13
9 0.139
10 0.138
11 0.183
12 0.203
13 0.185
14 0.218
15 0.219
16 0.238
17 0.27
18 0.263
19 0.309
20 0.291
21 0.336
22 0.351
23 0.359
24 0.399
25 0.396
26 0.389
27 0.416
28 0.403
29 0.447
30 0.456
1 0.009
2 0.022
3 0.055
4 0.049
5 0.066
6 0.089
7 0.121
8 0.124
9 0.148
10 0.178
11 0.181
12 0.156
13 0.199
14 0.233
15 0.238
16 0.252
17 0.248
18 0.273
19 0.281
20 0.314
21 0.322
22 0.326
23 0.346
24 0.395
25 0.361
26 0.398
27 0.438
28 0.412
29 0.459
30 0.475
1 0.018
2 0.028
3 0.038
4 0.066
5 0.076
6 0.1
7 0.118
8 0.109
9 0.138
10 0.15
11 0.163
12 0.196
13 0.204
14 0.219
15 0.242
16 0.253
17 0.259
18 0.27
19 0.298
20 0.292
21 0.329
22 0.327
23 0.346
24 0.354
25 0.369
26 0.407
27 0.423
28 0.407
29 0.41
30 0.464
1 0.016
2 0.024
3 0.041
4 0.065
5 0.068
6 0.094
7 0.104
8 0.122
9 0.155
10 0.145
11 0.183
12 0.195
13 0.215
14 0.212
15 0.23
16 0.253
17 0.28
18 0.317
19 0.279
20 0.328
21 0.341
22 0.37
23 0.366
24 0.396
25 0.37
26 0.366
27 0.423
28 0.422
29 0.412
30 0.48
1 0.019
2 0.03
3 0.035
4 0.052
5 0.083
6 0.076
7 0.097
8 0.128
9 0.147
10 0.172
11 0.176
12 0.202
13 0.206
14 0.219
15 0.243
16 0.248
17 0.246
18 0.266
19 0.267
20 0.288
21 0.347
22 0.339
23 0.365
24 0.342
25 0.374
26 0.397
27 0.415
28 0.414
29 0.454
30 0.45
1 0.017
2 0.038
3 0.041
4 0.068
5 0.082
6 0.103
7 0.1
8 0.123
9 0.147
10 0.152
11 0.177
12 0.156
13 0.186
14 0.232
15 0.23
16 0.25
17 0.236
18 0.27
19 0.306
20 0.3
21 0.322
22 0.307
23 0.34
24 0.364
25 0.37
26 0.42
27 0.407
28 0.419
29 0.44
30 0.487
1 0.015
2 0.028
3 0.046
4 0.067
5 0.063
6 0.083
7 0.106
8 0.121
9 0.142
10 0.174
11 0.173
12 0.17
13 0.218
14 0.235
15 0.245
16 0.238
17 0.242
18 0.268
19 0.295
20 0.298
21 0.289
22 0.357
23 0.34
24 0.382
25 0.385
26 0.391
27 0.405
28 0.409
29 0.444
30 0.485
1 0.015
2 0.032
3 0.058
4 0.066
5 0.086
6 0.085
7 0.121
8 0.111
9 0.142
10 0.153
11 0.165
12 0.188
13 0.195
14 0.217
15 0.211
16 0.245
17 0.271
18 0.286
19 0.274
20 0.308
21 0.3
22 0.348
23 0.349
24 0.376
25 0.404
26 0.383
27 0.431
28 0.45
29 0.441
30 0.48
1 0.018
2 0.029
3 0.058
4 0.056
5 0.069
6 0.081
7 0.095
8 0.119
9 0.137
10 0.147
11 0.19
12 0.181
13 0.196
14 0.21
15 0.226
16 0.244
17 0.273
18 0.263
19 0.305
20 0.285
21 0.327
22 0.328
23 0.332
24 0.371
25 0.382
26 0.428
27 0.422
28 0.444
29 0.44
30 0.46
1 0.02
2 0.038
3 0.044
4 0.068
5 0.07
6 0.096
7 0.089
8 0.1
9 0.138
10 0.162
11 0.198
12 0.185
13 0.19
14 0.21
15 0.189
16 0.268
17 0.286
18 0.274
19 0.284
20 0.295
21 0.328
22 0.317
23 0.381
24 0.362
25 0.382
26 0.406
27 0.41
28 0.459
29 0.418
30 0.459
1 0.013
2 0.025
3 0.052
4 0.053
5 0.072
6 0.081
7 0.098
8 0.107
9 0.124
10 0.145
11 0.184
12 0.178
13 0.192
14 0.197
15 0.234
16 0.236
17 0.273
18 0.27
19 0.286
20 0.328
21 0.303
22 0.356
23 0.362
24 0.37
25 0.363
26 0.377
27 0.416
28 0.429
29 0.455
30 0.506
1 0.018
2 0.024
3 0.045
4 0.075
5 0.067
6 0.075
7 0.104
8 0.128
9 0.123
10 0.142
11 0.184
12 0.194
13 0.207
14 0.212
15 0.241
16 0.255
17 0.243
18 0.283
19 0.273
20 0.3
21 0.308
22 0.339
23 0.361
24 0.357
25 0.361
26 0.407
27 0.441
28 0.44
29 0.43
30 0.456
1 0.013
2 0.025
3 0.043
4 0.053
5 0.071
6 0.089
7 0.105
8 0.132
9 0.147
10 0.147
11 0.172
12 0.198
13 0.192
14 0.225
15 0.217
16 0.245
17 0.257
18 0.285
19 0.28
20 0.322
21 0.301
22 0.33
23 0.331
24 0.378
25 0.373
26 0.409
27 0.404
28 0.403
29 0.457
30 0.464
1 0.009
2 0.033
3 0.035
4 0.067
5 0.078
6 0.099
7 0.097
8 0.127
9 0.142
10 0.159
11 0.163
12 0.191
13 0.202
14 0.227
15 0.227
16 0.249
17 0.274
18 0.297
19 0.256
20 0.291
21 0.334
22 0.351
23 0.318
24 0.362
25 0.383
26 0.421
27 0.422
28 0.445
29 0.469
30 0.461
1 0.008
2 0.03
3 0.052
4 0.064
5 0.067
6 0.101
7 0.101
8 0.138
9 0.142
10 0.169
11 0.168
12 0.16
13 0.19
14 0.22
15 0.251
16 0.262
17 0.272
18 0.271
19 0.3
20 0.321
21 0.307
22 0.352
23 0.359
24 0.382
25 0.396
26 0.367
27 0.402
28 0.411
29 0.432
30 0.447
1 0.014
2 0.03
3 0.049
4 0.066
5 0.08
6 0.088
7 0.11
8 0.11
9 0.131
10 0.15
11 0.157
12 0.167
13 0.201
14 0.2
15 0.23
16 0.253
17 0.279
18 0.276
19 0.282
20 0.289
21 0.343
22 0.327
23 0.38
24 0.359
25 0.403
26 0.394
27 0.43
28 0.431
29 0.448
30 0.488
1 0.017
2 0.028
3 0.044
4 0.047
5 0.074
6 0.084
7 0.119
8 0.126
9 0.131
10 0.181
11 0.168
12 0.166
13 0.205
14 0.229
15 0.219
16 0.256
17 0.253
18 0.268
19 0.31
20 0.313
21 0.291
22 0.335
23 0.356
24 0.39
25 0.362
26 0.405
27 0.399
28 0.449
29 0.473
30 0.463
