# Resultados de Probabilidade de Bloqueio
# Formato: Load Probabilidade
1 0.022
2 0.045
3 0.066
4 0.089
5 0.106
6 0.135
7 0.179
8 0.19
9 0.191
10 0.225
11 0.235
12 0.267
13 0.274
14 0.328
15 0.339
16 0.347
17 0.364
18 0.39
19 0.408
20 0.476
21 0.467
22 0.499
23 0.52
24 0.553
25 0.558
26 0.573
27 0.572
28 0.637
29 0.638
30 0.657
1 0.015
2 0.039
3 0.065
4 0.101
5 0.112
6 0.126
7 0.164
8 0.165
9 0.21
10 0.207
11 0.248
12 0.254
13 0.315
14 0.301
15 0.327
16 0.349
17 0.377
18 0.39
19 0.406
20 0.434
21 0.472
22 0.485
23 0.482
24 0.51
25 0.547
26 0.577
27 0.592
28 0.623
29 0.658
30 0.663
1 0.034
2 0.041
3 0.065
4 0.078
5 0.109
6 0.124
7 0.151
8 0.186
9 0.199
10 0.215
11 0.219
12 0.227
13 0.26
14 0.317
15 0.334
16 0.385
17 0.388
18 0.417
19 0.418
20 0.439
21 0.452
22 0.497
23 0.526
24 0.528
25 0.558
26 0.56
27 0.62
28 0.587
29 0.643
30 0.67
1 0.022
2 0.049
3 0.049
4 0.071
5 0.121
6 0.139
7 0.17
8 0.159
9 0.18
10 0.243
11 0.266
12 0.268
13 0.298
14 0.294
15 0.334
16 0.382
17 0.387
18 0.404
19 0.437
20 0.456
21 0.49
22 0.496
23 0.512
24 0.518
25 0.551
26 0.581
27 0.621
28 0.624
29 0.675
30 0.67
1 0.02
2 0.045
3 0.076
4 0.085
5 0.11
6 0.135
7 0.149
8 0.189
9 0.217
10 0.225
11 0.247
12 0.253
13 0.272
14 0.302
15 0.306
16 0.362
17 0.379
18 0.36
19 0.416
20 0.418
21 0.458
22 0.489
23 0.511
24 0.503
25 0.556
26 0.579
27 0.58
28 0.62
29 0.64
30 0.679
1 0.02
2 0.037
3 0.07
4 0.066
5 0.125
6 0.126
7 0.15
8 0.183
9 0.206
10 0.232
11 0.255
12 0.26
13 0.29
14 0.293
15 0.32
16 0.379
17 0.374
18 0.404
19 0.433
20 0.457
21 0.456
22 0.526
23 0.497
24 0.559
25 0.572
26 0.571
27 0.567
28 0.599
29 0.639
30 0.67
1 0.024
2 0.042
3 0.08
4 0.087
5 0.104
6 0.144
7 0.16
8 0.175
9 0.186
10 0.237
11 0.253
12 0.286
13 0.273
14 0.308
15 0.337
16 0.371
17 0.369
18 0.398
19 0.432
20 0.447
21 0.485
22 0.491
23 0.539
24 0.539
25 0.535
26 0.562
27 0.616
28 0.639
29 0.65
30 0.622
1 0.017
2 0.051
3 0.06
4 0.11
5 0.124
6 0.128
7 0.162
8 0.171
9 0.209
10 0.235
11 0.227
12 0.256
13 0.296
14 0.323
15 0.363
16 0.34
17 0.384
18 0.397
19 0.377
20 0.452
21 0.473
22 0.49
23 0.523
24 0.534
25 0.561
26 0.555
27 0.589
28 0.616
29 0.654
30 0.62
1 0.022
2 0.05
3 0.078
4 0.102
5 0.11
6 0.135
7 0.159
8 0.158
9 0.211
10 0.233
11 0.253
12 0.272
13 0.274
14 0.266
15 0.334
16 0.354
17 0.401
18 0.389
19 0.438
20 0.431
21 0.451
22 0.488
23 0.54
24 0.498
25 0.524
26 0.567
27 0.618
28 0.604
29 0.619
30 0.663
1 0.03
2 0.046
3 0.07
4 0.099
5 0.089
6 0.136
7 0.161
8 0.171
9 0.21
10 0.223
11 0.25
12 0.267
13 0.286
14 0.316
15 0.337
16 0.364
17 0.391
18 0.409
19 0.41
20 0.418
21 0.482
22 0.49
23 0.531
24 0.539
25 0.534
26 0.599
27 0.576
28 0.639
29 0.629
30 0.681
1 0.032
2 0.038
3 0.07
4 0.087
5 0.12
6 0.132
7 0.173
8 0.187
9 0.206
10 0.206
11 0.237
12 0.278
13 0.293
14 0.335
15 0.333
16 0.354
17 0.388
18 0.374
19 0.406
20 0.48
21 0.464
22 0.466
23 0.5
24 0.523
25 0.547
26 0.591
27 0.565
28 0.628
29 0.649
30 0.639
1 0.019
2 0.047
3 0.062
4 0.103
5 0.098
6 0.146
7 0.138
8 0.184
9 0.191
10 0.23
11 0.245
12 0.274
13 0.308
14 0.3
15 0.351
16 0.328
17 0.371
18 0.422
19 0.411
20 0.471
21 0.437
22 0.484
23 0.509
24 0.536
25 0.542
26 0.584
27 0.597
28 0.602
29 0.633
30 0.684
1 0.026
2 0.04
3 0.069
4 0.065
5 0.102
6 0.147
7 0.158
8 0.17
9 0.199
10 0.204
11 0.241
12 0.265
13 0.282
14 0.321
15 0.342
16 0.354
17 0.361
18 0.428
19 0.421
20 0.436
21 0.455
22 0.5
23 0.514
24 0.524
25 0.577
26 0.573
27 0.61
28 0.648
29 0.654
30 0.665
1 0.027
2 0.04
3 0.062
4 0.087
5 0.094
6 0.13
7 0.14
8 0.167
9 0.199
10 0.226
11 0.244
12 0.266
13 0.278
14 0.321
15 0.334
16 0.355
17 0.395
18 0.402
19 0.418
20 0.43
21 0.46
22 0.487
23 0.508
24 0.528
25 0.585
26 0.543
27 0.614
28 0.621
29 0.664
30 0.657
1 0.023
2 0.041
3 0.054
4 0.089
5 0.11
6 0.126
7 0.158
8 0.173
9 0.19
10 0.217
11 0.266
12 0.277
13 0.294
14 0.298
15 0.346
16 0.351
17 0.392
18 0.389
19 0.461
20 0.455
21 0.485
22 0.48
23 0.51
24 0.539
25 0.554
26 0.596
27 0.588
28 0.648
29 0.64
30 0.665
1 0.026
2 0.047
3 0.056
4 0.095
5 0.113
6 0.127
7 0.169
8 0.183
9 0.192
10 0.214
11 0.244
12 0.29
13 0.268
14 0.301
15 0.32
16 0.377
17 0.385
18 0.417
19 0.418
20 0.443
21 0.495
22 0.488
23 0.513
24 0.524
25 0.588
26 0.579
27 0.597
28 0.629
29 0.631
30 0.663
1 0.018
2 0.048
3 0.073
4 0.087
5 0.097
6 0.146
7 0.144
8 0.19
9 0.2
10 0.217
11 0.262
12 0.26
13 0.272
14 0.319
15 0.36
16 0.361
17 0.38
18 0.407
19 0.396
20 0.448
21 0.458
22 0.539
23 0.5
24 0.549
25 0.568
26 0.55
27 0.602
28 0.617
29 0.63
30 0.664
1 0.02
2 0.041
3 0.052
4 0.087
5 0.11
6 0.135
7 0.147
8 0.171
9 0.188
10 0.218
11 0.241
12 0.279
13 0.292
14 0.319
15 0.333
16 0.38
17 0.385
18 0.436
19 0.439
20 0.452
21 0.456
22 0.511
23 0.459
24 0.539
25 0.531
26 0.609
27 0.61
28 0.613
29 0.653
30 0.655
1 0.017
2 0.044
3 0.071
4 0.086
5 0.116
6 0.129
7 0.155
8 0.2
9 0.21
10 0.219
11 0.247
12 0.248
13 0.322
14 0.295
15 0.332
16 0.379
17 0.368
18 0.383
19 0.423
20 0.427
21 0.469
22 0.487
23 0.537
24 0.549
25 0.567
26 0.564
27 0.609
28 0.623
29 0.632
30 0.666
1 0.019
2 0.051
3 0.067
4 0.097
5 0.12
6 0.125
7 0.152
8 0.162
9 0.21
10 0.212
11 0.243
12 0.271
13 0.276
14 0.304
15 0.338
16 0.349
17 0.362
18 0.418
19 0.438
20 0.455
21 0.466
22 0.5
23 0.453
24 0.536
25 0.563
26 0.549
27 0.609
28 0.633
29 0.669
30 0.672
1 0.026
2 0.053
3 0.066
4 0.072
5 0.105
6 0.136
7 0.168
8 0.181
9 0.195
10 0.206
11 0.237
12 0.269
13 0.3
14 0.297
15 0.316
16 0.35
17 0.358
18 0.403
19 0.42
20 0.458
21 0.457
22 0.5
23 0.526
24 0.542
25 0.579
26 0.593
27 0.606
28 0.648
29 0.649
30 0.66
1 0.024
2 0.041
3 0.083
4 0.1
5 0.107
6 0.151
7 0.146
8 0.182
9 0.207
10 0.227
11 0.24
12 0.256
13 0.293
14 0.291
15 0.334
16 0.348
17 0.393
18 0.412
19 0.444
20 0.463
21 0.481
22 0.478
23 0.535
24 0.532
25 0.555
26 0.576
27 0.597
28 0.614
29 0.641
30 0.669
1 0.013
2 0.044
3 0.06
4 0.071
5 0.112
6 0.139
7 0.158
8 0.181
9 0.185
10 0.226
11 0.278
12 0.259
13 0.298
14 0.325
15 0.353
16 0.35
17 0.385
18 0.405
19 0.428
20 0.428
21 0.482
22 0.49
23 0.496
24 0.559
25 0.582
26 0.586
27 0.624
28 0.644
29 0.648
30 0.65
1 0.021
2 0.045
3 0.064
4 0.096
5 0.09
6 0.125
7 0.154
8 0.177
9 0.195
10 0.206
11 0.238
12 0.261
13 0.272
14 0.326
15 0.332
16 0.35
17 0.387
18 0.394
19 0.439
20 0.442
21 0.47
22 0.49
23 0.5
24 0.531
25 0.53
26 0.596
27 0.602
28 0.599
29 0.638
30 0.674
1 0.025
2 0.039
3 0.074
4 0.087
5 0.105
6 0.144
7 0.151
8 0.188
9 0.21
10 0.21
11 0.249
12 0.28
13 0.305
14 0.302
15 0.307
16 0.349
17 0.391
18 0.396
19 0.429
20 0.437
21 0.479
22 0.514
23 0.483
24 0.524
25 0.544
26 0.565
27 0.591
28 0.626
29 0.648
30 0.667
