# Resultados de Probabilidade de Bloqueio
# Formato: Load Probabilidade
1 0.008
2 0.022
3 0.026
4 0.036
5 0.035
6 0.04
7 0.062
8 0.066
9 0.079
10 0.097
11 0.087
12 0.078
13 0.121
14 0.113
15 0.124
16 0.125
17 0.151
18 0.139
19 0.152
20 0.158
21 0.165
22 0.188
23 0.185
24 0.198
25 0.216
26 0.21
27 0.205
28 0.209
29 0.238
30 0.249
1 0.008
2 0.014
3 0.032
4 0.032
5 0.039
6 0.056
7 0.065
8 0.068
9 0.081
10 0.079
11 0.083
12 0.104
13 0.08
14 0.099
15 0.112
16 0.116
17 0.143
18 0.132
19 0.166
20 0.151
21 0.154
22 0.148
23 0.169
24 0.183
25 0.201
26 0.217
27 0.19
28 0.215
29 0.241
30 0.234
1 0.014
2 0.017
3 0.032
4 0.03
5 0.045
6 0.034
7 0.05
8 0.057
9 0.086
10 0.074
11 0.092
12 0.1
13 0.094
14 0.118
15 0.103
16 0.136
17 0.13
18 0.149
19 0.135
20 0.167
21 0.16
22 0.174
23 0.187
24 0.204
25 0.216
26 0.207
27 0.226
28 0.198
29 0.239
30 0.256
1 0.006
2 0.01
3 0.022
4 0.034
5 0.035
6 0.039
7 0.051
8 0.06
9 0.065
10 0.073
11 0.087
12 0.079
13 0.118
14 0.128
15 0.126
16 0.122
17 0.155
18 0.137
19 0.15
20 0.159
21 0.165
22 0.166
23 0.205
24 0.171
25 0.193
26 0.222
27 0.204
28 0.21
29 0.259
30 0.241
1 0.006
2 0.012
3 0.018
4 0.037
5 0.038
6 0.059
7 0.049
8 0.07
9 0.049
10 0.087
11 0.089
12 0.1
13 0.088
14 0.09
15 0.121
16 0.126
17 0.118
18 0.137
19 0.136
20 0.17
21 0.179
22 0.178
23 0.181
24 0.216
25 0.211
26 0.217
27 0.217
28 0.238
29 0.218
30 0.221
1 0.008
2 0.022
3 0.026
4 0.036
5 0.035
6 0.04
7 0.062
8 0.066
9 0.079
10 0.097
11 0.087
12 0.078
13 0.121
14 0.113
15 0.124
16 0.125
17 0.151
18 0.139
19 0.152
20 0.158
21 0.165
22 0.188
23 0.185
24 0.198
25 0.216
26 0.21
27 0.205
28 0.209
29 0.238
30 0.249
1 0.008
2 0.014
3 0.032
4 0.032
5 0.039
6 0.056
7 0.065
8 0.068
9 0.081
10 0.079
11 0.083
12 0.104
13 0.08
14 0.099
15 0.112
16 0.116
17 0.143
18 0.132
19 0.166
20 0.151
21 0.154
22 0.148
23 0.169
24 0.183
25 0.201
26 0.217
27 0.19
28 0.215
29 0.241
30 0.234
1 0.014
2 0.017
3 0.032
4 0.03
5 0.045
6 0.034
7 0.05
8 0.057
9 0.086
10 0.074
11 0.092
12 0.1
13 0.094
14 0.118
15 0.103
16 0.136
17 0.13
18 0.149
19 0.135
20 0.167
21 0.16
22 0.174
23 0.187
24 0.204
25 0.216
26 0.207
27 0.226
28 0.198
29 0.239
30 0.256
1 0.006
2 0.01
3 0.022
4 0.034
5 0.035
6 0.039
7 0.051
8 0.06
9 0.065
10 0.073
11 0.087
12 0.079
13 0.118
14 0.128
15 0.126
16 0.122
17 0.155
18 0.137
19 0.15
20 0.159
21 0.165
22 0.166
23 0.205
24 0.171
25 0.193
26 0.222
27 0.204
28 0.21
29 0.259
30 0.241
1 0.006
2 0.012
3 0.018
4 0.037
5 0.038
6 0.059
7 0.049
8 0.07
9 0.049
10 0.087
11 0.089
12 0.1
13 0.088
14 0.09
15 0.121
16 0.126
17 0.118
18 0.137
19 0.136
20 0.17
21 0.179
22 0.178
23 0.181
24 0.216
25 0.211
26 0.217
27 0.217
28 0.238
29 0.218
30 0.221
1 0.008
2 0.022
3 0.026
4 0.036
5 0.035
6 0.04
7 0.062
8 0.066
9 0.079
10 0.097
11 0.087
12 0.078
13 0.121
14 0.113
15 0.124
16 0.125
17 0.151
18 0.139
19 0.152
20 0.158
21 0.165
22 0.188
23 0.185
24 0.198
25 0.216
26 0.21
27 0.205
28 0.209
29 0.238
30 0.249
1 0.008
2 0.014
3 0.032
4 0.032
5 0.039
6 0.056
7 0.065
8 0.068
9 0.081
10 0.079
11 0.083
12 0.104
13 0.08
14 0.099
15 0.112
16 0.116
17 0.143
18 0.132
19 0.166
20 0.151
21 0.154
22 0.148
23 0.169
24 0.183
25 0.201
26 0.217
27 0.19
28 0.215
29 0.241
30 0.234
1 0.014
2 0.017
3 0.032
4 0.03
5 0.045
6 0.034
7 0.05
8 0.057
9 0.086
10 0.074
11 0.092
12 0.1
13 0.094
14 0.118
15 0.103
16 0.136
17 0.13
18 0.149
19 0.135
20 0.167
21 0.16
22 0.174
23 0.187
24 0.204
25 0.216
26 0.207
27 0.226
28 0.198
29 0.239
30 0.256
1 0.006
2 0.01
3 0.022
4 0.034
5 0.035
6 0.039
7 0.051
8 0.06
9 0.065
10 0.073
11 0.087
12 0.079
13 0.118
14 0.128
15 0.126
16 0.122
17 0.155
18 0.137
19 0.15
20 0.159
21 0.165
22 0.166
23 0.205
24 0.171
25 0.193
26 0.222
27 0.204
28 0.21
29 0.259
30 0.241
1 0.006
2 0.012
3 0.018
4 0.037
5 0.038
6 0.059
7 0.049
8 0.07
9 0.049
10 0.087
11 0.089
12 0.1
13 0.088
14 0.09
15 0.121
16 0.126
17 0.118
18 0.137
19 0.136
20 0.17
21 0.179
22 0.178
23 0.181
24 0.216
25 0.211
26 0.217
27 0.217
28 0.238
29 0.218
30 0.221
1 0.008
2 0.022
3 0.026
4 0.036
5 0.035
6 0.04
7 0.062
8 0.066
9 0.079
10 0.097
11 0.087
12 0.078
13 0.121
14 0.113
15 0.124
16 0.125
17 0.151
18 0.139
19 0.152
20 0.158
21 0.165
22 0.188
23 0.185
24 0.198
25 0.216
26 0.21
27 0.205
28 0.209
29 0.238
30 0.249
1 0.008
2 0.014
3 0.032
4 0.032
5 0.039
6 0.056
7 0.065
8 0.068
9 0.081
10 0.079
11 0.083
12 0.104
13 0.08
14 0.099
15 0.112
16 0.116
17 0.143
18 0.132
19 0.166
20 0.151
21 0.154
22 0.148
23 0.169
24 0.183
25 0.201
26 0.217
27 0.19
28 0.215
29 0.241
30 0.234
1 0.014
2 0.017
3 0.032
4 0.03
5 0.045
6 0.034
7 0.05
8 0.057
9 0.086
10 0.074
11 0.092
12 0.1
13 0.094
14 0.118
15 0.103
16 0.136
17 0.13
18 0.149
19 0.135
20 0.167
21 0.16
22 0.174
23 0.187
24 0.204
25 0.216
26 0.207
27 0.226
28 0.198
29 0.239
30 0.256
1 0.006
2 0.01
3 0.022
4 0.034
5 0.035
6 0.039
7 0.051
8 0.06
9 0.065
10 0.073
11 0.087
12 0.079
13 0.118
14 0.128
15 0.126
16 0.122
17 0.155
18 0.137
19 0.15
20 0.159
21 0.165
22 0.166
23 0.205
24 0.171
25 0.193
26 0.222
27 0.204
28 0.21
29 0.259
30 0.241
1 0.006
2 0.012
3 0.018
4 0.037
5 0.038
6 0.059
7 0.049
8 0.07
9 0.049
10 0.087
11 0.089
12 0.1
13 0.088
14 0.09
15 0.121
16 0.126
17 0.118
18 0.137
19 0.136
20 0.17
21 0.179
22 0.178
23 0.181
24 0.216
25 0.211
26 0.217
27 0.217
28 0.238
29 0.218
30 0.221
1 0.008
2 0.022
3 0.026
4 0.036
5 0.035
6 0.04
7 0.062
8 0.066
9 0.079
10 0.097
11 0.087
12 0.078
13 0.121
14 0.113
15 0.124
16 0.125
17 0.151
18 0.139
19 0.152
20 0.158
21 0.165
22 0.188
23 0.185
24 0.198
25 0.216
26 0.21
27 0.205
28 0.209
29 0.238
30 0.249
1 0.008
2 0.014
3 0.032
4 0.032
5 0.039
6 0.056
7 0.065
8 0.068
9 0.081
10 0.079
11 0.083
12 0.104
13 0.08
14 0.099
15 0.112
16 0.116
17 0.143
18 0.132
19 0.166
20 0.151
21 0.154
22 0.148
23 0.169
24 0.183
25 0.201
26 0.217
27 0.19
28 0.215
29 0.241
30 0.234
1 0.014
2 0.017
3 0.032
4 0.03
5 0.045
6 0.034
7 0.05
8 0.057
9 0.086
10 0.074
11 0.092
12 0.1
13 0.094
14 0.118
15 0.103
16 0.136
17 0.13
18 0.149
19 0.135
20 0.167
21 0.16
22 0.174
23 0.187
24 0.204
25 0.216
26 0.207
27 0.226
28 0.198
29 0.239
30 0.256
1 0.006
2 0.01
3 0.022
4 0.034
5 0.035
6 0.039
7 0.051
8 0.06
9 0.065
10 0.073
11 0.087
12 0.079
13 0.118
14 0.128
15 0.126
16 0.122
17 0.155
18 0.137
19 0.15
20 0.159
21 0.165
22 0.166
23 0.205
24 0.171
25 0.193
26 0.222
27 0.204
28 0.21
29 0.259
30 0.241
1 0.006
2 0.012
3 0.018
4 0.037
5 0.038
6 0.059
7 0.049
8 0.07
9 0.049
10 0.087
11 0.089
12 0.1
13 0.088
14 0.09
15 0.121
16 0.126
17 0.118
18 0.137
19 0.136
20 0.17
21 0.179
22 0.178
23 0.181
24 0.216
25 0.211
26 0.217
27 0.217
28 0.238
29 0.218
30 0.221
