# Resultados de Probabilidade de Bloqueio
# Formato: Load Probabilidade
1 0.024
2 0.052
3 0.078
4 0.094
5 0.107
6 0.124
7 0.16
8 0.173
9 0.211
10 0.252
11 0.251
12 0.25
13 0.298
14 0.3
15 0.336
16 0.346
17 0.365
18 0.399
19 0.403
20 0.426
21 0.476
22 0.504
23 0.513
24 0.542
25 0.546
26 0.554
27 0.601
28 0.625
29 0.617
30 0.648
1 0.019
2 0.046
3 0.084
4 0.081
5 0.115
6 0.133
7 0.157
8 0.181
9 0.217
10 0.229
11 0.212
12 0.28
13 0.267
14 0.306
15 0.333
16 0.355
17 0.372
18 0.375
19 0.452
20 0.469
21 0.465
22 0.453
23 0.516
24 0.5
25 0.585
26 0.576
27 0.588
28 0.602
29 0.635
30 0.653
1 0.028
2 0.044
3 0.075
4 0.089
5 0.121
6 0.124
7 0.142
8 0.18
9 0.211
10 0.205
11 0.249
12 0.266
13 0.298
14 0.308
15 0.319
16 0.374
17 0.374
18 0.403
19 0.453
20 0.44
21 0.438
22 0.505
23 0.519
24 0.547
25 0.562
26 0.597
27 0.595
28 0.6
29 0.661
30 0.657
1 0.021
2 0.037
3 0.065
4 0.085
5 0.114
6 0.131
7 0.147
8 0.178
9 0.216
10 0.242
11 0.269
12 0.25
13 0.293
14 0.326
15 0.322
16 0.337
17 0.405
18 0.398
19 0.415
20 0.457
21 0.454
22 0.491
23 0.517
24 0.518
25 0.587
26 0.601
27 0.604
28 0.592
29 0.676
30 0.656
1 0.022
2 0.042
3 0.064
4 0.101
5 0.117
6 0.13
7 0.152
8 0.184
9 0.175
10 0.25
11 0.26
12 0.262
13 0.271
14 0.294
15 0.343
16 0.366
17 0.356
18 0.406
19 0.436
20 0.445
21 0.48
22 0.486
23 0.498
24 0.524
25 0.586
26 0.59
27 0.616
28 0.639
29 0.654
30 0.638
1 0.024
2 0.052
3 0.078
4 0.094
5 0.107
6 0.124
7 0.16
8 0.173
9 0.211
10 0.252
11 0.251
12 0.25
13 0.298
14 0.3
15 0.336
16 0.346
17 0.365
18 0.399
19 0.403
20 0.426
21 0.476
22 0.504
23 0.513
24 0.542
25 0.546
26 0.554
27 0.601
28 0.625
29 0.617
30 0.648
1 0.019
2 0.046
3 0.084
4 0.081
5 0.115
6 0.133
7 0.157
8 0.181
9 0.217
10 0.229
11 0.212
12 0.28
13 0.267
14 0.306
15 0.333
16 0.355
17 0.372
18 0.375
19 0.452
20 0.469
21 0.465
22 0.453
23 0.516
24 0.5
25 0.585
26 0.576
27 0.588
28 0.602
29 0.635
30 0.653
1 0.028
2 0.044
3 0.075
4 0.089
5 0.121
6 0.124
7 0.142
8 0.18
9 0.211
10 0.205
11 0.249
12 0.266
13 0.298
14 0.308
15 0.319
16 0.374
17 0.374
18 0.403
19 0.453
20 0.44
21 0.438
22 0.505
23 0.519
24 0.547
25 0.562
26 0.597
27 0.595
28 0.6
29 0.661
30 0.657
1 0.021
2 0.037
3 0.065
4 0.085
5 0.114
6 0.131
7 0.147
8 0.178
9 0.216
10 0.242
11 0.269
12 0.25
13 0.293
14 0.326
15 0.322
16 0.337
17 0.405
18 0.398
19 0.415
20 0.457
21 0.454
22 0.491
23 0.517
24 0.518
25 0.587
26 0.601
27 0.604
28 0.592
29 0.676
30 0.656
1 0.022
2 0.042
3 0.064
4 0.101
5 0.117
6 0.13
7 0.152
8 0.184
9 0.175
10 0.25
11 0.26
12 0.262
13 0.271
14 0.294
15 0.343
16 0.366
17 0.356
18 0.406
19 0.436
20 0.445
21 0.48
22 0.486
23 0.498
24 0.524
25 0.586
26 0.59
27 0.616
28 0.639
29 0.654
30 0.638
1 0.024
2 0.052
3 0.078
4 0.094
5 0.107
6 0.124
7 0.16
8 0.173
9 0.211
10 0.252
11 0.251
12 0.25
13 0.298
14 0.3
15 0.336
16 0.346
17 0.365
18 0.399
19 0.403
20 0.426
21 0.476
22 0.504
23 0.513
24 0.542
25 0.546
26 0.554
27 0.601
28 0.625
29 0.617
30 0.648
1 0.019
2 0.046
3 0.084
4 0.081
5 0.115
6 0.133
7 0.157
8 0.181
9 0.217
10 0.229
11 0.212
12 0.28
13 0.267
14 0.306
15 0.333
16 0.355
17 0.372
18 0.375
19 0.452
20 0.469
21 0.465
22 0.453
23 0.516
24 0.5
25 0.585
26 0.576
27 0.588
28 0.602
29 0.635
30 0.653
1 0.028
2 0.044
3 0.075
4 0.089
5 0.121
6 0.124
7 0.142
8 0.18
9 0.211
10 0.205
11 0.249
12 0.266
13 0.298
14 0.308
15 0.319
16 0.374
17 0.374
18 0.403
19 0.453
20 0.44
21 0.438
22 0.505
23 0.519
24 0.547
25 0.562
26 0.597
27 0.595
28 0.6
29 0.661
30 0.657
1 0.021
2 0.037
3 0.065
4 0.085
5 0.114
6 0.131
7 0.147
8 0.178
9 0.216
10 0.242
11 0.269
12 0.25
13 0.293
14 0.326
15 0.322
16 0.337
17 0.405
18 0.398
19 0.415
20 0.457
21 0.454
22 0.491
23 0.517
24 0.518
25 0.587
26 0.601
27 0.604
28 0.592
29 0.676
30 0.656
1 0.022
2 0.042
3 0.064
4 0.101
5 0.117
6 0.13
7 0.152
8 0.184
9 0.175
10 0.25
11 0.26
12 0.262
13 0.271
14 0.294
15 0.343
16 0.366
17 0.356
18 0.406
19 0.436
20 0.445
21 0.48
22 0.486
23 0.498
24 0.524
25 0.586
26 0.59
27 0.616
28 0.639
29 0.654
30 0.638
1 0.024
2 0.052
3 0.078
4 0.094
5 0.107
6 0.124
7 0.16
8 0.173
9 0.211
10 0.252
11 0.251
12 0.25
13 0.298
14 0.3
15 0.336
16 0.346
17 0.365
18 0.399
19 0.403
20 0.426
21 0.476
22 0.504
23 0.513
24 0.542
25 0.546
26 0.554
27 0.601
28 0.625
29 0.617
30 0.648
1 0.019
2 0.046
3 0.084
4 0.081
5 0.115
6 0.133
7 0.157
8 0.181
9 0.217
10 0.229
11 0.212
12 0.28
13 0.267
14 0.306
15 0.333
16 0.355
17 0.372
18 0.375
19 0.452
20 0.469
21 0.465
22 0.453
23 0.516
24 0.5
25 0.585
26 0.576
27 0.588
28 0.602
29 0.635
30 0.653
1 0.028
2 0.044
3 0.075
4 0.089
5 0.121
6 0.124
7 0.142
8 0.18
9 0.211
10 0.205
11 0.249
12 0.266
13 0.298
14 0.308
15 0.319
16 0.374
17 0.374
18 0.403
19 0.453
20 0.44
21 0.438
22 0.505
23 0.519
24 0.547
25 0.562
26 0.597
27 0.595
28 0.6
29 0.661
30 0.657
1 0.021
2 0.037
3 0.065
4 0.085
5 0.114
6 0.131
7 0.147
8 0.178
9 0.216
10 0.242
11 0.269
12 0.25
13 0.293
14 0.326
15 0.322
16 0.337
17 0.405
18 0.398
19 0.415
20 0.457
21 0.454
22 0.491
23 0.517
24 0.518
25 0.587
26 0.601
27 0.604
28 0.592
29 0.676
30 0.656
1 0.022
2 0.042
3 0.064
4 0.101
5 0.117
6 0.13
7 0.152
8 0.184
9 0.175
10 0.25
11 0.26
12 0.262
13 0.271
14 0.294
15 0.343
16 0.366
17 0.356
18 0.406
19 0.436
20 0.445
21 0.48
22 0.486
23 0.498
24 0.524
25 0.586
26 0.59
27 0.616
28 0.639
29 0.654
30 0.638
1 0.024
2 0.052
3 0.078
4 0.094
5 0.107
6 0.124
7 0.16
8 0.173
9 0.211
10 0.252
11 0.251
12 0.25
13 0.298
14 0.3
15 0.336
16 0.346
17 0.365
18 0.399
19 0.403
20 0.426
21 0.476
22 0.504
23 0.513
24 0.542
25 0.546
26 0.554
27 0.601
28 0.625
29 0.617
30 0.648
1 0.019
2 0.046
3 0.084
4 0.081
5 0.115
6 0.133
7 0.157
8 0.181
9 0.217
10 0.229
11 0.212
12 0.28
13 0.267
14 0.306
15 0.333
16 0.355
17 0.372
18 0.375
19 0.452
20 0.469
21 0.465
22 0.453
23 0.516
24 0.5
25 0.585
26 0.576
27 0.588
28 0.602
29 0.635
30 0.653
1 0.028
2 0.044
3 0.075
4 0.089
5 0.121
6 0.124
7 0.142
8 0.18
9 0.211
10 0.205
11 0.249
12 0.266
13 0.298
14 0.308
15 0.319
16 0.374
17 0.374
18 0.403
19 0.453
20 0.44
21 0.438
22 0.505
23 0.519
24 0.547
25 0.562
26 0.597
27 0.595
28 0.6
29 0.661
30 0.657
1 0.021
2 0.037
3 0.065
4 0.085
5 0.114
6 0.131
7 0.147
8 0.178
9 0.216
10 0.242
11 0.269
12 0.25
13 0.293
14 0.326
15 0.322
16 0.337
17 0.405
18 0.398
19 0.415
20 0.457
21 0.454
22 0.491
23 0.517
24 0.518
25 0.587
26 0.601
27 0.604
28 0.592
29 0.676
30 0.656
1 0.022
2 0.042
3 0.064
4 0.101
5 0.117
6 0.13
7 0.152
8 0.184
9 0.175
10 0.25
11 0.26
12 0.262
13 0.271
14 0.294
15 0.343
16 0.366
17 0.356
18 0.406
19 0.436
20 0.445
21 0.48
22 0.486
23 0.498
24 0.524
25 0.586
26 0.59
27 0.616
28 0.639
29 0.654
30 0.638
