# Resultados de Probabilidade de Bloqueio
# Formato: Load Probabilidade
1 0.016
2 0.028
3 0.045
4 0.06
5 0.069
6 0.078
7 0.116
8 0.13
9 0.143
10 0.163
11 0.171
12 0.192
13 0.203
14 0.189
15 0.225
16 0.238
17 0.263
18 0.257
19 0.286
20 0.297
21 0.32
22 0.352
23 0.334
24 0.407
25 0.37
26 0.398
27 0.436
28 0.422
29 0.448
30 0.456
1 0.014
2 0.037
3 0.052
4 0.069
5 0.073
6 0.106
7 0.119
8 0.117
9 0.125
10 0.152
11 0.171
12 0.204
13 0.193
14 0.208
15 0.24
16 0.261
17 0.266
18 0.288
19 0.306
20 0.312
21 0.341
22 0.322
23 0.355
24 0.38
25 0.389
26 0.382
27 0.402
28 0.43
29 0.442
30 0.477
1 0.015
2 0.037
3 0.052
4 0.068
5 0.085
6 0.089
7 0.108
8 0.141
9 0.144
10 0.154
11 0.162
12 0.18
13 0.201
14 0.194
15 0.229
16 0.233
17 0.253
18 0.259
19 0.296
20 0.264
21 0.309
22 0.314
23 0.361
24 0.378
25 0.395
26 0.37
27 0.414
28 0.43
29 0.452
30 0.451
1 0.011
2 0.03
3 0.046
4 0.07
5 0.082
6 0.098
7 0.106
8 0.114
9 0.152
10 0.161
11 0.165
12 0.185
13 0.178
14 0.22
15 0.225
16 0.217
17 0.24
18 0.283
19 0.295
20 0.298
21 0.326
22 0.331
23 0.348
24 0.367
25 0.384
26 0.435
27 0.427
28 0.417
29 0.426
30 0.483
1 0.022
2 0.041
3 0.037
4 0.056
5 0.065
6 0.085
7 0.104
8 0.133
9 0.133
10 0.154
11 0.16
12 0.218
13 0.184
14 0.204
15 0.235
16 0.25
17 0.288
18 0.28
19 0.295
20 0.316
21 0.332
22 0.343
23 0.336
24 0.366
25 0.365
26 0.401
27 0.405
28 0.43
29 0.446
30 0.462
1 0.018
2 0.027
3 0.058
4 0.065
5 0.064
6 0.087
7 0.093
8 0.118
9 0.16
10 0.139
11 0.182
12 0.171
13 0.201
14 0.215
15 0.232
16 0.241
17 0.24
18 0.282
19 0.305
20 0.319
21 0.318
22 0.325
23 0.329
24 0.398
25 0.378
26 0.407
27 0.395
28 0.42
29 0.465
30 0.485
1 0.023
2 0.024
3 0.035
4 0.073
5 0.078
6 0.076
7 0.099
8 0.115
9 0.126
10 0.164
11 0.173
12 0.191
13 0.202
14 0.216
15 0.222
16 0.236
17 0.272
18 0.279
19 0.283
20 0.31
21 0.324
22 0.344
23 0.357
24 0.373
25 0.39
26 0.405
27 0.413
28 0.419
29 0.437
30 0.463
1 0.015
2 0.032
3 0.04
4 0.053
5 0.059
6 0.094
7 0.098
8 0.12
9 0.134
10 0.167
11 0.18
12 0.201
13 0.169
14 0.204
15 0.237
16 0.252
17 0.255
18 0.271
19 0.311
20 0.274
21 0.35
22 0.353
23 0.371
24 0.385
25 0.373
26 0.417
27 0.405
28 0.44
29 0.424
30 0.457
1 0.009
2 0.026
3 0.054
4 0.074
5 0.079
6 0.095
7 0.103
8 0.114
9 0.168
10 0.152
11 0.179
12 0.196
13 0.199
14 0.224
15 0.22
16 0.236
17 0.25
18 0.262
19 0.292
20 0.309
21 0.308
22 0.331
23 0.343
24 0.393
25 0.38
26 0.414
27 0.414
28 0.405
29 0.442
30 0.464
1 0.019
2 0.045
3 0.052
4 0.056
5 0.081
6 0.083
7 0.098
8 0.114
9 0.132
10 0.157
11 0.167
12 0.198
13 0.186
14 0.213
15 0.219
16 0.248
17 0.258
18 0.289
19 0.279
20 0.29
21 0.32
22 0.355
23 0.369
24 0.353
25 0.405
26 0.391
27 0.42
28 0.421
29 0.442
30 0.468
1 0.009
2 0.035
3 0.059
4 0.071
5 0.067
6 0.097
7 0.119
8 0.117
9 0.156
10 0.154
11 0.166
12 0.172
13 0.209
14 0.207
15 0.236
16 0.244
17 0.255
18 0.26
19 0.263
20 0.334
21 0.329
22 0.329
23 0.354
24 0.356
25 0.388
26 0.396
27 0.424
28 0.45
29 0.451
30 0.478
1 0.009
2 0.025
3 0.05
4 0.068
5 0.083
6 0.093
7 0.095
8 0.126
9 0.144
10 0.166
11 0.179
12 0.184
13 0.218
14 0.198
15 0.26
16 0.264
17 0.262
18 0.293
19 0.305
20 0.306
21 0.361
22 0.311
23 0.379
24 0.372
25 0.381
26 0.42
27 0.41
28 0.434
29 0.467
30 0.485
1 0.013
2 0.027
3 0.041
4 0.061
5 0.074
6 0.1
7 0.112
8 0.132
9 0.131
10 0.155
11 0.177
12 0.18
13 0.179
14 0.217
15 0.221
16 0.251
17 0.274
18 0.263
19 0.287
20 0.29
21 0.322
22 0.319
23 0.342
24 0.364
25 0.399
26 0.403
27 0.437
28 0.429
29 0.44
30 0.457
1 0.009
2 0.028
3 0.051
4 0.052
5 0.077
6 0.104
7 0.126
8 0.129
9 0.138
10 0.164
11 0.166
12 0.182
13 0.19
14 0.201
15 0.226
16 0.243
17 0.258
18 0.287
19 0.295
20 0.3
21 0.327
22 0.348
23 0.339
24 0.369
25 0.382
26 0.422
27 0.41
28 0.44
29 0.478
30 0.469
1 0.016
2 0.03
3 0.052
4 0.075
5 0.084
6 0.078
7 0.113
8 0.117
9 0.156
10 0.16
11 0.193
12 0.193
13 0.219
14 0.22
15 0.221
16 0.248
17 0.268
18 0.294
19 0.305
20 0.312
21 0.342
22 0.32
23 0.36
24 0.384
25 0.39
26 0.388
27 0.418
28 0.426
29 0.433
30 0.447
1 0.011
2 0.032
3 0.038
4 0.059
5 0.071
6 0.099
7 0.097
8 0.134
9 0.138
10 0.165
11 0.171
12 0.196
13 0.203
14 0.21
15 0.238
16 0.257
17 0.254
18 0.288
19 0.294
20 0.309
21 0.312
22 0.322
23 0.33
24 0.379
25 0.397
26 0.394
27 0.429
28 0.449
29 0.429
30 0.436
1 0.018
2 0.035
3 0.041
4 0.055
5 0.088
6 0.104
7 0.106
8 0.124
9 0.127
10 0.153
11 0.151
12 0.19
13 0.173
14 0.217
15 0.235
16 0.266
17 0.248
18 0.262
19 0.307
20 0.301
21 0.309
22 0.353
23 0.354
24 0.384
25 0.372
26 0.405
27 0.41
28 0.402
29 0.469
30 0.471
1 0.02
2 0.029
3 0.042
4 0.061
5 0.078
6 0.097
7 0.105
8 0.135
9 0.129
10 0.153
11 0.162
12 0.192
13 0.2
14 0.221
15 0.236
16 0.22
17 0.25
18 0.288
19 0.306
20 0.31
21 0.316
22 0.345
23 0.38
24 0.396
25 0.369
26 0.374
27 0.403
28 0.436
29 0.462
30 0.463
1 0.015
2 0.035
3 0.054
4 0.056
5 0.069
6 0.091
7 0.103
8 0.135
9 0.142
10 0.153
11 0.173
12 0.201
13 0.194
14 0.217
15 0.221
16 0.253
17 0.271
18 0.3
19 0.277
20 0.309
21 0.339
22 0.355
23 0.361
24 0.408
25 0.376
26 0.384
27 0.396
28 0.434
29 0.433
30 0.451
1 0.012
2 0.047
3 0.038
4 0.067
5 0.079
6 0.084
7 0.108
8 0.127
9 0.141
10 0.135
11 0.166
12 0.198
13 0.232
14 0.223
15 0.22
16 0.251
17 0.267
18 0.29
19 0.3
20 0.289
21 0.326
22 0.323
23 0.345
24 0.369
25 0.376
26 0.38
27 0.437
28 0.411
29 0.429
30 0.457
1 0.018
2 0.038
3 0.041
4 0.071
5 0.063
6 0.089
7 0.098
8 0.117
9 0.128
10 0.165
11 0.171
12 0.171
13 0.179
14 0.214
15 0.238
16 0.27
17 0.26
18 0.286
19 0.285
20 0.294
21 0.308
22 0.354
23 0.334
24 0.36
25 0.374
26 0.385
27 0.411
28 0.433
29 0.439
30 0.464
1 0.014
2 0.037
3 0.041
4 0.046
5 0.074
6 0.103
7 0.118
8 0.118
9 0.136
10 0.165
11 0.175
12 0.215
13 0.192
14 0.192
15 0.246
16 0.252
17 0.267
18 0.272
19 0.312
20 0.306
21 0.326
22 0.349
23 0.367
24 0.36
25 0.403
26 0.396
27 0.4
28 0.425
29 0.427
30 0.462
1 0.013
2 0.036
3 0.044
4 0.048
5 0.078
6 0.093
7 0.122
8 0.112
9 0.137
10 0.146
11 0.191
12 0.182
13 0.191
14 0.222
15 0.228
16 0.266
17 0.245
18 0.286
19 0.291
20 0.294
21 0.325
22 0.329
23 0.381
24 0.355
25 0.392
26 0.424
27 0.422
28 0.398
29 0.446
30 0.475
1 0.018
2 0.041
3 0.041
4 0.075
5 0.077
6 0.106
7 0.12
8 0.129
9 0.135
10 0.152
11 0.166
12 0.179
13 0.182
14 0.236
15 0.22
16 0.234
17 0.291
18 0.276
19 0.311
20 0.295
21 0.309
22 0.341
23 0.35
24 0.377
25 0.366
26 0.407
27 0.418
28 0.44
29 0.441
30 0.458
1 0.011
2 0.033
3 0.046
4 0.059
5 0.084
6 0.088
7 0.102
8 0.103
9 0.124
10 0.153
11 0.185
12 0.175
13 0.211
14 0.227
15 0.219
16 0.236
17 0.247
18 0.293
19 0.295
20 0.275
21 0.327
22 0.353
23 0.329
24 0.374
25 0.386
26 0.388
27 0.413
28 0.433
29 0.436
30 0.452
