# Resultados de Probabilidade de Bloqueio
# Formato: Load Probabilidade
1 0.023
2 0.045
3 0.056
4 0.098
5 0.107
6 0.131
7 0.142
8 0.154
9 0.192
10 0.227
11 0.246
12 0.273
13 0.279
14 0.314
15 0.325
16 0.37
17 0.385
18 0.383
19 0.421
20 0.448
21 0.446
22 0.499
23 0.507
24 0.528
25 0.557
26 0.567
27 0.62
28 0.63
29 0.637
30 0.672
1 0.026
2 0.046
3 0.064
4 0.093
5 0.115
6 0.129
7 0.171
8 0.185
9 0.212
10 0.205
11 0.249
12 0.265
13 0.299
14 0.335
15 0.315
16 0.353
17 0.373
18 0.38
19 0.439
20 0.435
21 0.459
22 0.49
23 0.501
24 0.537
25 0.538
26 0.587
27 0.604
28 0.62
29 0.662
30 0.7
1 0.014
2 0.052
3 0.062
4 0.089
5 0.114
6 0.136
7 0.157
8 0.181
9 0.167
10 0.226
11 0.236
12 0.26
13 0.283
14 0.33
15 0.303
16 0.344
17 0.378
18 0.414
19 0.416
20 0.419
21 0.427
22 0.479
23 0.485
24 0.538
25 0.58
26 0.571
27 0.584
28 0.624
29 0.637
30 0.679
1 0.028
2 0.045
3 0.069
4 0.075
5 0.105
6 0.15
7 0.134
8 0.198
9 0.192
10 0.227
11 0.262
12 0.289
13 0.28
14 0.31
15 0.341
16 0.372
17 0.396
18 0.395
19 0.41
20 0.449
21 0.451
22 0.489
23 0.546
24 0.53
25 0.546
26 0.6
27 0.59
28 0.602
29 0.654
30 0.65
1 0.028
2 0.05
3 0.068
4 0.086
5 0.116
6 0.136
7 0.168
8 0.182
9 0.206
10 0.213
11 0.244
12 0.259
13 0.289
14 0.308
15 0.324
16 0.345
17 0.359
18 0.404
19 0.39
20 0.452
21 0.452
22 0.48
23 0.512
24 0.51
25 0.536
26 0.562
27 0.59
28 0.62
29 0.654
30 0.637
1 0.027
2 0.04
3 0.06
4 0.081
5 0.101
6 0.132
7 0.161
8 0.173
9 0.2
10 0.228
11 0.255
12 0.269
13 0.285
14 0.348
15 0.34
16 0.353
17 0.401
18 0.405
19 0.431
20 0.447
21 0.472
22 0.462
23 0.536
24 0.528
25 0.555
26 0.594
27 0.603
28 0.624
29 0.653
30 0.66
1 0.019
2 0.042
3 0.072
4 0.088
5 0.12
6 0.15
7 0.147
8 0.171
9 0.193
10 0.203
11 0.245
12 0.268
13 0.273
14 0.314
15 0.348
16 0.354
17 0.36
18 0.381
19 0.43
20 0.472
21 0.478
22 0.49
23 0.506
24 0.52
25 0.564
26 0.568
27 0.592
28 0.624
29 0.626
30 0.66
1 0.024
2 0.052
3 0.065
4 0.093
5 0.105
6 0.113
7 0.177
8 0.178
9 0.198
10 0.241
11 0.261
12 0.276
13 0.289
14 0.301
15 0.342
16 0.364
17 0.414
18 0.403
19 0.458
20 0.451
21 0.483
22 0.509
23 0.503
24 0.535
25 0.515
26 0.594
27 0.617
28 0.605
29 0.648
30 0.694
1 0.019
2 0.048
3 0.069
4 0.093
5 0.103
6 0.136
7 0.146
8 0.176
9 0.193
10 0.222
11 0.25
12 0.265
13 0.281
14 0.332
15 0.34
16 0.364
17 0.39
18 0.409
19 0.411
20 0.439
21 0.459
22 0.466
23 0.522
24 0.527
25 0.568
26 0.604
27 0.596
28 0.641
29 0.602
30 0.664
1 0.023
2 0.042
3 0.07
4 0.077
5 0.119
6 0.147
7 0.153
8 0.18
9 0.212
10 0.227
11 0.259
12 0.261
13 0.267
14 0.334
15 0.344
16 0.344
17 0.39
18 0.403
19 0.422
20 0.441
21 0.479
22 0.504
23 0.479
24 0.525
25 0.575
26 0.604
27 0.625
28 0.648
29 0.63
30 0.66
1 0.02
2 0.038
3 0.066
4 0.092
5 0.105
6 0.124
7 0.156
8 0.169
9 0.177
10 0.233
11 0.267
12 0.283
13 0.289
14 0.331
15 0.325
16 0.343
17 0.381
18 0.411
19 0.411
20 0.463
21 0.451
22 0.512
23 0.533
24 0.535
25 0.557
26 0.571
27 0.586
28 0.645
29 0.615
30 0.649
1 0.026
2 0.055
3 0.067
4 0.094
5 0.109
6 0.126
7 0.146
8 0.187
9 0.213
10 0.211
11 0.249
12 0.281
13 0.265
14 0.318
15 0.329
16 0.364
17 0.385
18 0.392
19 0.42
20 0.429
21 0.472
22 0.497
23 0.503
24 0.533
25 0.561
26 0.577
27 0.582
28 0.612
29 0.647
30 0.661
1 0.022
2 0.041
3 0.06
4 0.094
5 0.09
6 0.128
7 0.151
8 0.171
9 0.202
10 0.217
11 0.226
12 0.26
13 0.265
14 0.308
15 0.348
16 0.346
17 0.4
18 0.389
19 0.447
20 0.433
21 0.479
22 0.462
23 0.518
24 0.546
25 0.544
26 0.59
27 0.609
28 0.613
29 0.624
30 0.634
1 0.022
2 0.039
3 0.079
4 0.095
5 0.093
6 0.12
7 0.155
8 0.183
9 0.188
10 0.216
11 0.246
12 0.253
13 0.269
14 0.307
15 0.342
16 0.362
17 0.383
18 0.378
19 0.416
20 0.442
21 0.489
22 0.486
23 0.504
24 0.535
25 0.546
26 0.571
27 0.575
28 0.602
29 0.623
30 0.661
1 0.02
2 0.043
3 0.053
4 0.096
5 0.108
6 0.141
7 0.164
8 0.173
9 0.21
10 0.246
11 0.255
12 0.265
13 0.287
14 0.333
15 0.359
16 0.333
17 0.415
18 0.422
19 0.422
20 0.425
21 0.465
22 0.485
23 0.509
24 0.568
25 0.576
26 0.604
27 0.594
28 0.625
29 0.662
30 0.685
1 0.019
2 0.046
3 0.072
4 0.07
5 0.093
6 0.141
7 0.176
8 0.154
9 0.205
10 0.229
11 0.246
12 0.265
13 0.307
14 0.307
15 0.316
16 0.369
17 0.386
18 0.398
19 0.424
20 0.45
21 0.466
22 0.48
23 0.526
24 0.51
25 0.588
26 0.571
27 0.595
28 0.637
29 0.654
30 0.657
1 0.032
2 0.055
3 0.073
4 0.085
5 0.121
6 0.118
7 0.153
8 0.177
9 0.22
10 0.211
11 0.249
12 0.278
13 0.267
14 0.285
15 0.339
16 0.371
17 0.388
18 0.404
19 0.447
20 0.446
21 0.467
22 0.464
23 0.518
24 0.545
25 0.548
26 0.576
27 0.606
28 0.613
29 0.643
30 0.649
1 0.019
2 0.04
3 0.062
4 0.086
5 0.115
6 0.133
7 0.172
8 0.164
9 0.196
10 0.211
11 0.239
12 0.261
13 0.291
14 0.324
15 0.347
16 0.362
17 0.353
18 0.412
19 0.428
20 0.468
21 0.477
22 0.467
23 0.503
24 0.527
25 0.518
26 0.556
27 0.621
28 0.616
29 0.654
30 0.673
1 0.021
2 0.054
3 0.063
4 0.087
5 0.112
6 0.134
7 0.146
8 0.162
9 0.207
10 0.225
11 0.237
12 0.266
13 0.275
14 0.328
15 0.343
16 0.353
17 0.345
18 0.4
19 0.412
20 0.442
21 0.447
22 0.493
23 0.504
24 0.533
25 0.571
26 0.578
27 0.603
28 0.628
29 0.641
30 0.669
1 0.024
2 0.043
3 0.066
4 0.082
5 0.106
6 0.107
7 0.156
8 0.175
9 0.214
10 0.249
11 0.26
12 0.24
13 0.31
14 0.313
15 0.365
16 0.378
17 0.377
18 0.412
19 0.415
20 0.463
21 0.435
22 0.488
23 0.527
24 0.528
25 0.539
26 0.578
27 0.618
28 0.627
29 0.648
30 0.681
1 0.018
2 0.034
3 0.051
4 0.095
5 0.132
6 0.137
7 0.15
8 0.185
9 0.208
10 0.208
11 0.261
12 0.264
13 0.274
14 0.3
15 0.325
16 0.364
17 0.356
18 0.406
19 0.443
20 0.45
21 0.456
22 0.476
23 0.504
24 0.526
25 0.555
26 0.565
27 0.604
28 0.621
29 0.619
30 0.657
1 0.019
2 0.037
3 0.066
4 0.087
5 0.104
6 0.141
7 0.149
8 0.175
9 0.219
10 0.204
11 0.252
12 0.271
13 0.277
14 0.316
15 0.33
16 0.344
17 0.383
18 0.398
19 0.458
20 0.482
21 0.478
22 0.49
23 0.48
24 0.539
25 0.534
26 0.566
27 0.609
28 0.621
29 0.638
30 0.657
1 0.021
2 0.049
3 0.08
4 0.077
5 0.116
6 0.116
7 0.154
8 0.161
9 0.2
10 0.205
11 0.242
12 0.27
13 0.295
14 0.314
15 0.36
16 0.333
17 0.385
18 0.377
19 0.411
20 0.45
21 0.447
22 0.501
23 0.527
24 0.509
25 0.551
26 0.589
27 0.622
28 0.633
29 0.656
30 0.677
1 0.015
2 0.039
3 0.059
4 0.095
5 0.12
6 0.126
7 0.161
8 0.195
9 0.212
10 0.228
11 0.248
12 0.283
13 0.264
14 0.324
15 0.352
16 0.368
17 0.385
18 0.397
19 0.412
20 0.388
21 0.478
22 0.488
23 0.507
24 0.516
25 0.57
26 0.545
27 0.595
28 0.648
29 0.632
30 0.674
1 0.017
2 0.038
3 0.068
4 0.079
5 0.117
6 0.117
7 0.148
8 0.184
9 0.207
10 0.237
11 0.235
12 0.261
13 0.278
14 0.308
15 0.302
16 0.399
17 0.364
18 0.395
19 0.402
20 0.463
21 0.475
22 0.498
23 0.506
24 0.551
25 0.557
26 0.572
27 0.562
28 0.626
29 0.637
30 0.695
