# Resultados de Probabilidade de Bloqueio
# Formato: Load Probabilidade
1 0.02
2 0.047
3 0.064
4 0.077
5 0.104
6 0.119
7 0.15
8 0.16
9 0.177
10 0.225
11 0.27
12 0.282
13 0.302
14 0.297
15 0.342
16 0.352
17 0.367
18 0.397
19 0.421
20 0.423
21 0.452
22 0.459
23 0.502
24 0.523
25 0.554
26 0.575
27 0.59
28 0.599
29 0.655
30 0.657
1 0.021
2 0.049
3 0.059
4 0.081
5 0.128
6 0.132
7 0.15
8 0.16
9 0.21
10 0.218
11 0.236
12 0.259
13 0.284
14 0.312
15 0.325
16 0.343
17 0.383
18 0.372
19 0.417
20 0.436
21 0.465
22 0.507
23 0.523
24 0.555
25 0.561
26 0.556
27 0.589
28 0.625
29 0.634
30 0.685
1 0.026
2 0.041
3 0.045
4 0.096
5 0.114
6 0.102
7 0.165
8 0.181
9 0.203
10 0.217
11 0.239
12 0.257
13 0.282
14 0.298
15 0.331
16 0.356
17 0.366
18 0.399
19 0.444
20 0.45
21 0.467
22 0.482
23 0.532
24 0.543
25 0.543
26 0.598
27 0.613
28 0.662
29 0.697
30 0.694
1 0.024
2 0.052
3 0.06
4 0.09
5 0.101
6 0.141
7 0.161
8 0.166
9 0.217
10 0.202
11 0.256
12 0.243
13 0.276
14 0.333
15 0.335
16 0.367
17 0.382
18 0.363
19 0.426
20 0.43
21 0.454
22 0.48
23 0.481
24 0.522
25 0.562
26 0.586
27 0.578
28 0.639
29 0.637
30 0.67
1 0.02
2 0.037
3 0.07
4 0.089
5 0.104
6 0.131
7 0.148
8 0.171
9 0.212
10 0.24
11 0.27
12 0.285
13 0.269
14 0.294
15 0.329
16 0.354
17 0.384
18 0.393
19 0.409
20 0.42
21 0.455
22 0.498
23 0.511
24 0.526
25 0.541
26 0.556
27 0.573
28 0.636
29 0.611
30 0.67
1 0.019
2 0.044
3 0.071
4 0.09
5 0.101
6 0.134
7 0.161
8 0.191
9 0.185
10 0.22
11 0.229
12 0.281
13 0.304
14 0.296
15 0.316
16 0.336
17 0.376
18 0.4
19 0.436
20 0.452
21 0.449
22 0.466
23 0.508
24 0.544
25 0.558
26 0.556
27 0.611
28 0.637
29 0.638
30 0.662
1 0.027
2 0.044
3 0.07
4 0.086
5 0.117
6 0.165
7 0.184
8 0.18
9 0.202
10 0.204
11 0.244
12 0.269
13 0.293
14 0.334
15 0.365
16 0.36
17 0.366
18 0.384
19 0.454
20 0.443
21 0.441
22 0.482
23 0.516
24 0.531
25 0.549
26 0.573
27 0.618
28 0.64
29 0.645
30 0.692
1 0.018
2 0.035
3 0.076
4 0.102
5 0.109
6 0.127
7 0.146
8 0.178
9 0.213
10 0.209
11 0.223
12 0.272
13 0.287
14 0.308
15 0.318
16 0.363
17 0.411
18 0.399
19 0.415
20 0.454
21 0.452
22 0.497
23 0.533
24 0.544
25 0.568
26 0.589
27 0.604
28 0.606
29 0.67
30 0.671
1 0.028
2 0.045
3 0.073
4 0.075
5 0.101
6 0.145
7 0.139
8 0.18
9 0.21
10 0.241
11 0.23
12 0.261
13 0.292
14 0.322
15 0.344
16 0.346
17 0.409
18 0.392
19 0.432
20 0.458
21 0.454
22 0.479
23 0.496
24 0.519
25 0.555
26 0.575
27 0.595
28 0.621
29 0.672
30 0.661
1 0.019
2 0.039
3 0.055
4 0.096
5 0.122
6 0.134
7 0.149
8 0.184
9 0.177
10 0.21
11 0.245
12 0.272
13 0.294
14 0.271
15 0.335
16 0.343
17 0.359
18 0.412
19 0.43
20 0.467
21 0.478
22 0.506
23 0.517
24 0.54
25 0.543
26 0.617
27 0.591
28 0.614
29 0.619
30 0.661
1 0.029
2 0.048
3 0.062
4 0.087
5 0.112
6 0.153
7 0.16
8 0.174
9 0.183
10 0.195
11 0.24
12 0.258
13 0.278
14 0.306
15 0.361
16 0.386
17 0.392
18 0.383
19 0.412
20 0.434
21 0.495
22 0.463
23 0.51
24 0.55
25 0.567
26 0.587
27 0.585
28 0.627
29 0.649
30 0.663
1 0.023
2 0.047
3 0.073
4 0.089
5 0.117
6 0.14
7 0.156
8 0.179
9 0.196
10 0.249
11 0.241
12 0.273
13 0.274
14 0.331
15 0.337
16 0.339
17 0.374
18 0.39
19 0.415
20 0.453
21 0.484
22 0.473
23 0.517
24 0.509
25 0.564
26 0.571
27 0.599
28 0.619
29 0.641
30 0.691
1 0.024
2 0.049
3 0.057
4 0.092
5 0.096
6 0.132
7 0.165
8 0.175
9 0.206
10 0.237
11 0.256
12 0.281
13 0.307
14 0.298
15 0.333
16 0.362
17 0.382
18 0.408
19 0.433
20 0.458
21 0.469
22 0.496
23 0.496
24 0.528
25 0.563
26 0.581
27 0.628
28 0.589
29 0.632
30 0.656
1 0.02
2 0.032
3 0.063
4 0.093
5 0.109
6 0.133
7 0.139
8 0.166
9 0.22
10 0.213
11 0.252
12 0.293
13 0.272
14 0.288
15 0.321
16 0.325
17 0.374
18 0.418
19 0.398
20 0.468
21 0.476
22 0.467
23 0.479
24 0.511
25 0.578
26 0.598
27 0.591
28 0.625
29 0.648
30 0.657
1 0.022
2 0.048
3 0.072
4 0.094
5 0.101
6 0.124
7 0.148
8 0.202
9 0.196
10 0.227
11 0.249
12 0.268
13 0.307
14 0.289
15 0.326
16 0.358
17 0.372
18 0.41
19 0.416
20 0.441
21 0.459
22 0.476
23 0.505
24 0.548
25 0.562
26 0.606
27 0.595
28 0.636
29 0.647
30 0.688
1 0.02
2 0.044
3 0.066
4 0.079
5 0.103
6 0.113
7 0.136
8 0.166
9 0.199
10 0.23
11 0.247
12 0.28
13 0.252
14 0.303
15 0.332
16 0.377
17 0.362
18 0.406
19 0.413
20 0.449
21 0.471
22 0.484
23 0.515
24 0.539
25 0.568
26 0.592
27 0.607
28 0.635
29 0.638
30 0.668
1 0.023
2 0.03
3 0.076
4 0.098
5 0.106
6 0.129
7 0.153
8 0.192
9 0.197
10 0.237
11 0.256
12 0.286
13 0.283
14 0.306
15 0.319
16 0.356
17 0.369
18 0.405
19 0.419
20 0.423
21 0.466
22 0.504
23 0.505
24 0.532
25 0.554
26 0.576
27 0.598
28 0.595
29 0.657
30 0.681
1 0.018
2 0.046
3 0.071
4 0.084
5 0.13
6 0.156
7 0.145
8 0.202
9 0.177
10 0.224
11 0.258
12 0.289
13 0.285
14 0.302
15 0.329
16 0.354
17 0.392
18 0.387
19 0.421
20 0.438
21 0.465
22 0.492
23 0.511
24 0.529
25 0.554
26 0.568
27 0.591
28 0.636
29 0.653
30 0.676
1 0.029
2 0.039
3 0.069
4 0.081
5 0.122
6 0.145
7 0.164
8 0.177
9 0.198
10 0.253
11 0.255
12 0.267
13 0.27
14 0.317
15 0.334
16 0.33
17 0.359
18 0.396
19 0.41
20 0.453
21 0.457
22 0.523
23 0.488
24 0.525
25 0.557
26 0.589
27 0.6
28 0.655
29 0.667
30 0.664
1 0.025
2 0.037
3 0.073
4 0.076
5 0.11
6 0.13
7 0.137
8 0.194
9 0.199
10 0.244
11 0.245
12 0.283
13 0.293
14 0.287
15 0.343
16 0.383
17 0.365
18 0.394
19 0.42
20 0.458
21 0.457
22 0.49
23 0.524
24 0.539
25 0.518
26 0.552
27 0.615
28 0.609
29 0.635
30 0.654
1 0.021
2 0.038
3 0.064
4 0.105
5 0.115
6 0.121
7 0.149
8 0.178
9 0.216
10 0.2
11 0.245
12 0.276
13 0.284
14 0.32
15 0.323
16 0.351
17 0.368
18 0.395
19 0.417
20 0.436
21 0.434
22 0.512
23 0.545
24 0.554
25 0.532
26 0.587
27 0.605
28 0.649
29 0.67
30 0.659
1 0.017
2 0.049
3 0.073
4 0.1
5 0.102
6 0.137
7 0.174
8 0.166
9 0.187
10 0.208
11 0.253
12 0.277
13 0.298
14 0.302
15 0.318
16 0.381
17 0.402
18 0.396
19 0.438
20 0.427
21 0.456
22 0.507
23 0.493
24 0.537
25 0.549
26 0.574
27 0.599
28 0.601
29 0.683
30 0.677
1 0.013
2 0.045
3 0.073
4 0.096
5 0.129
6 0.127
7 0.16
8 0.207
9 0.219
10 0.218
11 0.264
12 0.255
13 0.286
14 0.286
15 0.33
16 0.363
17 0.382
18 0.398
19 0.443
20 0.441
21 0.462
22 0.462
23 0.526
24 0.519
25 0.581
26 0.587
27 0.595
28 0.653
29 0.649
30 0.675
1 0.03
2 0.052
3 0.069
4 0.087
5 0.113
6 0.128
7 0.158
8 0.17
9 0.183
10 0.231
11 0.239
12 0.294
13 0.294
14 0.315
15 0.331
16 0.372
17 0.393
18 0.428
19 0.435
20 0.441
21 0.458
22 0.486
23 0.513
24 0.555
25 0.564
26 0.578
27 0.592
28 0.621
29 0.668
30 0.643
1 0.027
2 0.034
3 0.051
4 0.099
5 0.101
6 0.153
7 0.152
8 0.2
9 0.193
10 0.203
11 0.238
12 0.256
13 0.279
14 0.33
15 0.315
16 0.347
17 0.392
18 0.406
19 0.44
20 0.451
21 0.449
22 0.494
23 0.5
24 0.534
25 0.546
26 0.574
27 0.586
28 0.614
29 0.67
30 0.668
1 0.013
2 0.039
3 0.068
4 0.096
5 0.093
6 0.13
7 0.168
8 0.185
9 0.211
10 0.242
11 0.259
12 0.283
13 0.264
14 0.314
15 0.324
16 0.373
17 0.397
18 0.404
19 0.414
20 0.438
21 0.462
22 0.478
23 0.516
24 0.526
25 0.55
26 0.57
27 0.618
28 0.624
29 0.666
30 0.673
1 0.017
2 0.047
3 0.067
4 0.09
5 0.107
6 0.141
7 0.162
8 0.178
9 0.207
10 0.218
11 0.22
12 0.266
13 0.285
14 0.335
15 0.372
16 0.322
17 0.356
18 0.377
19 0.411
20 0.425
21 0.474
22 0.483
23 0.498
24 0.525
25 0.553
26 0.587
27 0.583
28 0.603
29 0.642
30 0.669
1 0.02
2 0.044
3 0.055
4 0.095
5 0.106
6 0.124
7 0.172
8 0.194
9 0.198
10 0.203
11 0.229
12 0.265
13 0.273
14 0.311
15 0.31
16 0.349
17 0.37
18 0.414
19 0.396
20 0.469
21 0.438
22 0.462
23 0.492
24 0.516
25 0.558
26 0.575
27 0.613
28 0.599
29 0.641
30 0.682
1 0.026
2 0.044
3 0.079
4 0.096
5 0.1
6 0.16
7 0.142
8 0.188
9 0.186
10 0.234
11 0.242
12 0.268
13 0.31
14 0.308
15 0.345
16 0.373
17 0.381
18 0.437
19 0.423
20 0.434
21 0.449
22 0.467
23 0.536
24 0.511
25 0.541
26 0.587
27 0.603
28 0.621
29 0.638
30 0.648
1 0.02
2 0.042
3 0.068
4 0.092
5 0.101
6 0.136
7 0.147
8 0.199
9 0.195
10 0.22
11 0.257
12 0.274
13 0.279
14 0.313
15 0.307
16 0.343
17 0.36
18 0.407
19 0.416
20 0.445
21 0.466
22 0.475
23 0.532
24 0.54
25 0.512
26 0.566
27 0.581
28 0.624
29 0.651
30 0.664
1 0.026
2 0.044
3 0.061
4 0.078
5 0.096
6 0.141
7 0.164
8 0.182
9 0.196
10 0.239
11 0.265
12 0.245
13 0.287
14 0.311
15 0.32
16 0.384
17 0.355
18 0.392
19 0.426
20 0.472
21 0.459
22 0.51
23 0.513
24 0.533
25 0.564
26 0.575
27 0.582
28 0.629
29 0.644
30 0.666
1 0.032
2 0.057
3 0.071
4 0.079
5 0.105
6 0.142
7 0.177
8 0.171
9 0.212
10 0.23
11 0.233
12 0.265
13 0.282
14 0.307
15 0.377
16 0.349
17 0.376
18 0.41
19 0.428
20 0.411
21 0.49
22 0.482
23 0.495
24 0.548
25 0.544
26 0.582
27 0.589
28 0.609
29 0.65
30 0.659
1 0.027
2 0.043
3 0.083
4 0.093
5 0.113
6 0.144
7 0.157
8 0.16
9 0.209
10 0.229
11 0.257
12 0.245
13 0.298
14 0.287
15 0.301
16 0.349
17 0.378
18 0.401
19 0.417
20 0.422
21 0.467
22 0.496
23 0.518
24 0.559
25 0.558
26 0.578
27 0.604
28 0.642
29 0.666
30 0.682
1 0.028
2 0.054
3 0.073
4 0.086
5 0.105
6 0.128
7 0.172
8 0.172
9 0.191
10 0.237
11 0.257
12 0.291
13 0.282
14 0.338
15 0.337
16 0.35
17 0.374
18 0.394
19 0.417
20 0.437
21 0.465
22 0.5
23 0.515
24 0.531
25 0.541
26 0.573
27 0.584
28 0.63
29 0.63
30 0.685
1 0.02
2 0.049
3 0.062
4 0.093
5 0.107
6 0.117
7 0.162
8 0.169
9 0.19
10 0.206
11 0.27
12 0.268
13 0.295
14 0.313
15 0.339
16 0.371
17 0.397
18 0.417
19 0.419
20 0.443
21 0.46
22 0.485
23 0.528
24 0.533
25 0.559
26 0.575
27 0.574
28 0.626
29 0.671
30 0.679
1 0.017
2 0.055
3 0.07
4 0.091
5 0.109
6 0.135
7 0.129
8 0.163
9 0.204
10 0.216
11 0.25
12 0.248
13 0.273
14 0.33
15 0.326
16 0.354
17 0.379
18 0.4
19 0.416
20 0.47
21 0.441
22 0.479
23 0.512
24 0.542
25 0.538
26 0.582
27 0.609
28 0.608
29 0.633
30 0.661
1 0.019
2 0.048
3 0.058
4 0.094
5 0.106
6 0.135
7 0.152
8 0.153
9 0.183
10 0.221
11 0.268
12 0.27
13 0.293
14 0.323
15 0.332
16 0.356
17 0.395
18 0.372
19 0.414
20 0.437
21 0.477
22 0.48
23 0.518
24 0.502
25 0.556
26 0.6
27 0.59
28 0.619
29 0.656
30 0.671
1 0.02
2 0.043
3 0.066
4 0.077
5 0.111
6 0.128
7 0.154
8 0.174
9 0.2
10 0.223
11 0.249
12 0.26
13 0.294
14 0.316
15 0.322
16 0.366
17 0.375
18 0.397
19 0.429
20 0.455
21 0.479
22 0.508
23 0.51
24 0.49
25 0.549
26 0.574
27 0.59
28 0.62
29 0.627
30 0.678
1 0.02
2 0.037
3 0.078
4 0.091
5 0.109
6 0.146
7 0.158
8 0.176
9 0.207
10 0.218
11 0.234
12 0.253
13 0.285
14 0.315
15 0.34
16 0.359
17 0.372
18 0.393
19 0.44
20 0.486
21 0.472
22 0.501
23 0.514
24 0.523
25 0.544
26 0.547
27 0.603
28 0.636
29 0.637
30 0.66
1 0.022
2 0.045
3 0.058
4 0.077
5 0.11
6 0.141
7 0.164
8 0.164
9 0.205
10 0.22
11 0.227
12 0.266
13 0.271
14 0.305
15 0.349
16 0.338
17 0.362
18 0.38
19 0.401
20 0.464
21 0.478
22 0.472
23 0.512
24 0.556
25 0.542
26 0.605
27 0.58
28 0.619
29 0.619
30 0.698
1 0.016
2 0.038
3 0.075
4 0.077
5 0.098
6 0.162
7 0.17
8 0.163
9 0.202
10 0.216
11 0.253
12 0.254
13 0.296
14 0.284
15 0.3
16 0.393
17 0.348
18 0.404
19 0.431
20 0.475
21 0.431
22 0.47
23 0.526
24 0.541
25 0.556
26 0.603
27 0.618
28 0.605
29 0.67
30 0.666
1 0.012
2 0.047
3 0.067
4 0.097
5 0.102
6 0.116
7 0.151
8 0.18
9 0.201
10 0.236
11 0.262
12 0.268
13 0.279
14 0.318
15 0.324
16 0.379
17 0.392
18 0.395
19 0.44
20 0.447
21 0.477
22 0.479
23 0.527
24 0.504
25 0.545
26 0.576
27 0.585
28 0.621
29 0.648
30 0.69
1 0.014
2 0.054
3 0.07
4 0.089
5 0.133
6 0.126
7 0.157
8 0.16
9 0.179
10 0.227
11 0.257
12 0.288
13 0.293
14 0.306
15 0.339
16 0.361
17 0.37
18 0.386
19 0.424
20 0.466
21 0.473
22 0.508
23 0.531
24 0.515
25 0.57
26 0.603
27 0.592
28 0.662
29 0.642
30 0.635
1 0.018
2 0.045
3 0.066
4 0.1
5 0.105
6 0.13
7 0.147
8 0.181
9 0.188
10 0.208
11 0.25
12 0.259
13 0.268
14 0.306
15 0.366
16 0.341
17 0.381
18 0.409
19 0.435
20 0.462
21 0.49
22 0.512
23 0.538
24 0.538
25 0.571
26 0.544
27 0.629
28 0.617
29 0.648
30 0.679
1 0.012
2 0.047
3 0.071
4 0.071
5 0.126
6 0.135
7 0.15
8 0.182
9 0.194
10 0.228
11 0.249
12 0.264
13 0.311
14 0.309
15 0.342
16 0.335
17 0.391
18 0.401
19 0.441
20 0.444
21 0.474
22 0.468
23 0.511
24 0.536
25 0.517
26 0.599
27 0.603
28 0.616
29 0.654
30 0.677
1 0.025
2 0.036
3 0.067
4 0.082
5 0.106
6 0.151
7 0.165
8 0.163
9 0.232
10 0.219
11 0.249
12 0.271
13 0.304
14 0.272
15 0.337
16 0.352
17 0.362
18 0.401
19 0.424
20 0.435
21 0.482
22 0.462
23 0.521
24 0.534
25 0.562
26 0.588
27 0.607
28 0.626
29 0.659
30 0.66
1 0.024
2 0.031
3 0.059
4 0.101
5 0.109
6 0.132
7 0.141
8 0.184
9 0.204
10 0.233
11 0.252
12 0.273
13 0.287
14 0.316
15 0.352
16 0.364
17 0.365
18 0.425
19 0.433
20 0.435
21 0.46
22 0.474
23 0.506
24 0.534
25 0.553
26 0.599
27 0.6
28 0.639
29 0.637
30 0.688
1 0.017
2 0.056
3 0.054
4 0.098
5 0.11
6 0.127
7 0.169
8 0.208
9 0.206
10 0.222
11 0.234
12 0.273
13 0.298
14 0.306
15 0.325
16 0.35
17 0.389
18 0.411
19 0.412
20 0.433
21 0.46
22 0.505
23 0.513
24 0.526
25 0.57
26 0.587
27 0.6
28 0.603
29 0.653
30 0.659
1 0.023
2 0.05
3 0.07
4 0.085
5 0.104
6 0.143
7 0.132
8 0.198
9 0.204
10 0.205
11 0.243
12 0.277
13 0.288
14 0.299
15 0.36
16 0.35
17 0.355
18 0.42
19 0.406
20 0.462
21 0.494
22 0.478
23 0.501
24 0.55
25 0.567
26 0.547
27 0.616
28 0.634
29 0.65
30 0.682
1 0.02
2 0.038
3 0.075
4 0.106
5 0.11
6 0.141
7 0.148
8 0.169
9 0.211
10 0.239
11 0.225
12 0.287
13 0.309
14 0.302
15 0.349
16 0.336
17 0.341
18 0.404
19 0.409
20 0.438
21 0.48
22 0.475
23 0.487
24 0.533
25 0.558
26 0.572
27 0.605
28 0.609
29 0.641
30 0.682
1 0.024
2 0.038
3 0.063
4 0.097
5 0.114
6 0.135
7 0.143
8 0.169
9 0.195
10 0.222
11 0.26
12 0.269
13 0.279
14 0.331
15 0.341
16 0.375
17 0.414
18 0.409
19 0.432
20 0.459
21 0.477
22 0.495
23 0.533
24 0.513
25 0.544
26 0.573
27 0.619
28 0.627
29 0.633
30 0.669
1 0.02
2 0.052
3 0.056
4 0.087
5 0.117
6 0.134
7 0.161
8 0.179
9 0.205
10 0.234
11 0.254
12 0.264
13 0.289
14 0.331
15 0.335
16 0.342
17 0.339
18 0.387
19 0.388
20 0.445
21 0.479
22 0.513
23 0.516
24 0.516
25 0.538
26 0.582
27 0.589
28 0.629
29 0.642
30 0.643
1 0.029
2 0.054
3 0.083
4 0.093
5 0.115
6 0.151
7 0.146
8 0.183
9 0.209
10 0.214
11 0.253
12 0.255
13 0.321
14 0.319
15 0.317
16 0.37
17 0.386
18 0.417
19 0.432
20 0.457
21 0.443
22 0.495
23 0.528
24 0.539
25 0.546
26 0.566
27 0.6
28 0.614
29 0.661
30 0.66
1 0.014
2 0.032
3 0.055
4 0.078
5 0.107
6 0.127
7 0.187
8 0.198
9 0.204
10 0.229
11 0.248
12 0.27
13 0.277
14 0.305
15 0.325
16 0.348
17 0.377
18 0.367
19 0.429
20 0.487
21 0.489
22 0.506
23 0.542
24 0.536
25 0.572
26 0.565
27 0.637
28 0.613
29 0.655
30 0.652
1 0.021
2 0.053
3 0.073
4 0.089
5 0.105
6 0.125
7 0.139
8 0.186
9 0.189
10 0.21
11 0.242
12 0.277
13 0.281
14 0.338
15 0.33
16 0.35
17 0.378
18 0.375
19 0.419
20 0.451
21 0.465
22 0.51
23 0.508
24 0.548
25 0.582
26 0.589
27 0.594
28 0.615
29 0.656
30 0.659
1 0.024
2 0.033
3 0.053
4 0.089
5 0.106
6 0.138
7 0.144
8 0.205
9 0.192
10 0.218
11 0.238
12 0.252
13 0.261
14 0.325
15 0.317
16 0.356
17 0.353
18 0.385
19 0.43
20 0.456
21 0.481
22 0.495
23 0.529
24 0.583
25 0.537
26 0.551
27 0.618
28 0.606
29 0.667
30 0.692
1 0.021
2 0.046
3 0.074
4 0.079
5 0.105
6 0.133
7 0.165
8 0.177
9 0.196
10 0.231
11 0.243
12 0.257
13 0.282
14 0.342
15 0.313
16 0.345
17 0.348
18 0.389
19 0.444
20 0.457
21 0.493
22 0.492
23 0.513
24 0.516
25 0.559
26 0.568
27 0.585
28 0.641
29 0.642
30 0.676
1 0.022
2 0.049
3 0.055
4 0.094
5 0.113
6 0.135
7 0.156
8 0.167
9 0.188
10 0.247
11 0.23
12 0.267
13 0.283
14 0.311
15 0.325
16 0.368
17 0.391
18 0.409
19 0.433
20 0.442
21 0.448
22 0.524
23 0.506
24 0.554
25 0.539
26 0.59
27 0.614
28 0.647
29 0.664
30 0.686
1 0.023
2 0.041
3 0.076
4 0.095
5 0.117
6 0.129
7 0.154
8 0.187
9 0.203
10 0.235
11 0.239
12 0.261
13 0.282
14 0.324
15 0.338
16 0.332
17 0.359
18 0.411
19 0.448
20 0.436
21 0.478
22 0.477
23 0.503
24 0.51
25 0.554
26 0.573
27 0.62
28 0.643
29 0.643
30 0.676
1 0.026
2 0.043
3 0.059
4 0.099
5 0.108
6 0.135
7 0.153
8 0.201
9 0.19
10 0.219
11 0.248
12 0.272
13 0.273
14 0.313
15 0.344
16 0.389
17 0.37
18 0.357
19 0.414
20 0.453
21 0.454
22 0.453
23 0.484
24 0.511
25 0.525
26 0.596
27 0.607
28 0.61
29 0.668
30 0.676
1 0.028
2 0.056
3 0.077
4 0.098
5 0.1
6 0.128
7 0.161
8 0.181
9 0.195
10 0.213
11 0.223
12 0.253
13 0.276
14 0.308
15 0.327
16 0.364
17 0.401
18 0.374
19 0.397
20 0.461
21 0.468
22 0.475
23 0.49
24 0.561
25 0.561
26 0.567
27 0.594
28 0.632
29 0.635
30 0.677
1 0.017
2 0.046
3 0.078
4 0.108
5 0.119
6 0.15
7 0.152
8 0.176
9 0.21
10 0.207
11 0.234
12 0.255
13 0.294
14 0.288
15 0.359
16 0.362
17 0.373
18 0.416
19 0.405
20 0.462
21 0.47
22 0.496
23 0.5
24 0.582
25 0.547
26 0.588
27 0.574
28 0.619
29 0.646
30 0.655
1 0.022
2 0.038
3 0.086
4 0.106
5 0.094
6 0.138
7 0.153
8 0.16
9 0.186
10 0.225
11 0.242
12 0.269
13 0.306
14 0.307
15 0.309
16 0.34
17 0.408
18 0.402
19 0.411
20 0.438
21 0.443
22 0.476
23 0.529
24 0.526
25 0.532
26 0.578
27 0.608
28 0.62
29 0.661
30 0.676
1 0.017
2 0.038
3 0.061
4 0.078
5 0.094
6 0.117
7 0.159
8 0.186
9 0.201
10 0.216
11 0.232
12 0.262
13 0.298
14 0.287
15 0.323
16 0.333
17 0.378
18 0.383
19 0.424
20 0.453
21 0.464
22 0.474
23 0.486
24 0.511
25 0.549
26 0.593
27 0.583
28 0.6
29 0.655
30 0.69
1 0.022
2 0.055
3 0.083
4 0.092
5 0.114
6 0.145
7 0.161
8 0.159
9 0.198
10 0.201
11 0.232
12 0.282
13 0.285
14 0.311
15 0.354
16 0.364
17 0.355
18 0.412
19 0.415
20 0.439
21 0.474
22 0.487
23 0.506
24 0.525
25 0.539
26 0.55
27 0.613
28 0.657
29 0.651
30 0.66
1 0.024
2 0.044
3 0.058
4 0.091
5 0.101
6 0.134
7 0.164
8 0.183
9 0.207
10 0.231
11 0.261
12 0.27
13 0.288
14 0.309
15 0.354
16 0.358
17 0.394
18 0.387
19 0.435
20 0.429
21 0.467
22 0.492
23 0.528
24 0.558
25 0.575
26 0.615
27 0.583
28 0.61
29 0.66
30 0.668
1 0.024
2 0.045
3 0.068
4 0.097
5 0.117
6 0.172
7 0.143
8 0.164
9 0.208
10 0.189
11 0.241
12 0.28
13 0.293
14 0.335
15 0.361
16 0.356
17 0.411
18 0.407
19 0.415
20 0.425
21 0.454
22 0.488
23 0.492
24 0.561
25 0.563
26 0.591
27 0.596
28 0.613
29 0.668
30 0.675
1 0.01
2 0.039
3 0.07
4 0.083
5 0.109
6 0.138
7 0.17
8 0.169
9 0.182
10 0.227
11 0.227
12 0.295
13 0.276
14 0.316
15 0.367
16 0.325
17 0.397
18 0.371
19 0.392
20 0.427
21 0.47
22 0.499
23 0.539
24 0.542
25 0.537
26 0.57
27 0.591
28 0.611
29 0.635
30 0.664
1 0.021
2 0.041
3 0.081
4 0.109
5 0.099
6 0.124
7 0.169
8 0.176
9 0.218
10 0.235
11 0.252
12 0.24
13 0.272
14 0.296
15 0.366
16 0.348
17 0.371
18 0.404
19 0.434
20 0.449
21 0.483
22 0.478
23 0.516
24 0.545
25 0.588
26 0.577
27 0.608
28 0.63
29 0.619
30 0.667
1 0.016
2 0.058
3 0.068
4 0.096
5 0.12
6 0.127
7 0.142
8 0.182
9 0.181
10 0.24
11 0.229
12 0.259
13 0.287
14 0.28
15 0.331
16 0.357
17 0.379
18 0.377
19 0.423
20 0.452
21 0.467
22 0.496
23 0.492
24 0.532
25 0.537
26 0.581
27 0.619
28 0.608
29 0.663
30 0.682
1 0.019
2 0.045
3 0.066
4 0.093
5 0.107
6 0.142
7 0.167
8 0.17
9 0.182
10 0.224
11 0.244
12 0.26
13 0.29
14 0.298
15 0.344
16 0.36
17 0.378
18 0.39
19 0.39
20 0.454
21 0.475
22 0.51
23 0.522
24 0.549
25 0.535
26 0.599
27 0.622
28 0.607
29 0.652
30 0.665
1 0.018
2 0.039
3 0.067
4 0.077
5 0.114
6 0.142
7 0.154
8 0.186
9 0.221
10 0.216
11 0.228
12 0.25
13 0.274
14 0.306
15 0.349
16 0.368
17 0.368
18 0.388
19 0.438
20 0.451
21 0.44
22 0.455
23 0.496
24 0.554
25 0.542
26 0.572
27 0.578
28 0.604
29 0.648
30 0.669
1 0.025
2 0.033
3 0.07
4 0.09
5 0.109
6 0.113
7 0.151
8 0.172
9 0.214
10 0.243
11 0.261
12 0.249
13 0.27
14 0.325
15 0.327
16 0.347
17 0.397
18 0.401
19 0.407
20 0.444
21 0.463
22 0.497
23 0.526
24 0.515
25 0.583
26 0.618
27 0.588
28 0.638
29 0.65
30 0.686
1 0.024
2 0.044
3 0.064
4 0.098
5 0.119
6 0.125
7 0.184
8 0.171
9 0.196
10 0.227
11 0.264
12 0.281
13 0.302
14 0.335
15 0.333
16 0.365
17 0.376
18 0.388
19 0.433
20 0.443
21 0.451
22 0.471
23 0.507
24 0.522
25 0.554
26 0.596
27 0.591
28 0.633
29 0.663
30 0.683
1 0.023
2 0.038
3 0.066
4 0.086
5 0.111
6 0.135
7 0.141
8 0.196
9 0.192
10 0.239
11 0.242
12 0.254
13 0.285
14 0.3
15 0.345
16 0.39
17 0.372
18 0.383
19 0.407
20 0.427
21 0.479
22 0.497
23 0.529
24 0.544
25 0.557
26 0.591
27 0.587
28 0.625
29 0.648
30 0.664
1 0.013
2 0.041
3 0.094
4 0.089
5 0.092
6 0.123
7 0.158
8 0.171
9 0.217
10 0.221
11 0.239
12 0.282
13 0.304
14 0.336
15 0.345
16 0.346
17 0.369
18 0.384
19 0.41
20 0.429
21 0.467
22 0.493
23 0.513
24 0.523
25 0.538
26 0.57
27 0.591
28 0.636
29 0.65
30 0.667
1 0.024
2 0.044
3 0.061
4 0.098
5 0.125
6 0.13
7 0.173
8 0.167
9 0.211
10 0.204
11 0.238
12 0.263
13 0.291
14 0.321
15 0.323
16 0.358
17 0.382
18 0.382
19 0.438
20 0.44
21 0.45
22 0.471
23 0.522
24 0.547
25 0.524
26 0.564
27 0.592
28 0.637
29 0.675
30 0.654
1 0.024
2 0.043
3 0.072
4 0.093
5 0.098
6 0.124
7 0.151
8 0.191
9 0.194
10 0.207
11 0.235
12 0.279
13 0.3
14 0.315
15 0.317
16 0.331
17 0.408
18 0.389
19 0.414
20 0.461
21 0.458
22 0.495
23 0.517
24 0.552
25 0.558
26 0.587
27 0.603
28 0.6
29 0.653
30 0.653
1 0.017
2 0.05
3 0.063
4 0.09
5 0.11
6 0.13
7 0.139
8 0.167
9 0.21
10 0.221
11 0.249
12 0.281
13 0.272
14 0.331
15 0.318
16 0.374
17 0.359
18 0.383
19 0.405
20 0.455
21 0.475
22 0.488
23 0.505
24 0.557
25 0.572
26 0.569
27 0.578
28 0.628
29 0.649
30 0.641
1 0.016
2 0.046
3 0.072
4 0.088
5 0.096
6 0.145
7 0.164
8 0.17
9 0.193
10 0.222
11 0.221
12 0.259
13 0.28
14 0.318
15 0.32
16 0.336
17 0.373
18 0.396
19 0.437
20 0.437
21 0.478
22 0.516
23 0.516
24 0.528
25 0.575
26 0.566
27 0.592
28 0.622
29 0.692
30 0.637
1 0.029
2 0.052
3 0.063
4 0.073
5 0.104
6 0.128
7 0.14
8 0.156
9 0.204
10 0.229
11 0.263
12 0.271
13 0.284
14 0.308
15 0.343
16 0.349
17 0.358
18 0.411
19 0.43
20 0.446
21 0.45
22 0.502
23 0.496
24 0.52
25 0.566
26 0.564
27 0.62
28 0.643
29 0.634
30 0.677
1 0.021
2 0.045
3 0.06
4 0.089
5 0.107
6 0.141
7 0.179
8 0.187
9 0.197
10 0.225
11 0.245
12 0.279
13 0.28
14 0.315
15 0.348
16 0.344
17 0.38
18 0.401
19 0.423
20 0.44
21 0.469
22 0.508
23 0.533
24 0.527
25 0.556
26 0.568
27 0.617
28 0.623
29 0.645
30 0.666
1 0.021
2 0.047
3 0.067
4 0.076
5 0.122
6 0.124
7 0.176
8 0.159
9 0.205
10 0.234
11 0.266
12 0.253
13 0.284
14 0.334
15 0.352
16 0.366
17 0.39
18 0.418
19 0.425
20 0.428
21 0.455
22 0.488
23 0.516
24 0.525
25 0.56
26 0.573
27 0.57
28 0.592
29 0.652
30 0.673
1 0.019
2 0.038
3 0.066
4 0.104
5 0.114
6 0.165
7 0.173
8 0.188
9 0.217
10 0.218
11 0.259
12 0.276
13 0.294
14 0.298
15 0.316
16 0.368
17 0.362
18 0.409
19 0.437
20 0.433
21 0.473
22 0.469
23 0.472
24 0.523
25 0.533
26 0.572
27 0.608
28 0.617
29 0.639
30 0.694
1 0.022
2 0.05
3 0.073
4 0.078
5 0.115
6 0.14
7 0.166
8 0.186
9 0.187
10 0.21
11 0.253
12 0.276
13 0.291
14 0.278
15 0.326
16 0.335
17 0.403
18 0.402
19 0.416
20 0.431
21 0.478
22 0.488
23 0.503
24 0.522
25 0.53
26 0.564
27 0.634
28 0.612
29 0.626
30 0.68
1 0.024
2 0.046
3 0.068
4 0.096
5 0.116
6 0.141
7 0.144
8 0.173
9 0.175
10 0.209
11 0.231
12 0.25
13 0.288
14 0.329
15 0.336
16 0.36
17 0.372
18 0.415
19 0.409
20 0.425
21 0.5
22 0.498
23 0.493
24 0.537
25 0.556
26 0.582
27 0.599
28 0.638
29 0.648
30 0.661
1 0.018
2 0.043
3 0.074
4 0.093
5 0.128
6 0.139
7 0.169
8 0.166
9 0.211
10 0.215
11 0.237
12 0.293
13 0.29
14 0.309
15 0.34
16 0.372
17 0.377
18 0.421
19 0.432
20 0.461
21 0.473
22 0.526
23 0.503
24 0.53
25 0.549
26 0.589
27 0.595
28 0.637
29 0.634
30 0.674
1 0.02
2 0.041
3 0.067
4 0.086
5 0.111
6 0.144
7 0.17
8 0.152
9 0.202
10 0.223
11 0.236
12 0.288
13 0.284
14 0.307
15 0.343
16 0.358
17 0.371
18 0.407
19 0.402
20 0.446
21 0.464
22 0.49
23 0.514
24 0.53
25 0.538
26 0.598
27 0.589
28 0.638
29 0.641
30 0.645
1 0.028
2 0.044
3 0.054
4 0.078
5 0.125
6 0.136
7 0.163
8 0.177
9 0.186
10 0.224
11 0.245
12 0.238
13 0.291
14 0.286
15 0.318
16 0.392
17 0.391
18 0.395
19 0.421
20 0.388
21 0.472
22 0.456
23 0.513
24 0.499
25 0.559
26 0.597
27 0.629
28 0.631
29 0.628
30 0.663
1 0.017
2 0.047
3 0.055
4 0.093
5 0.111
6 0.131
7 0.167
8 0.168
9 0.184
10 0.211
11 0.237
12 0.287
13 0.287
14 0.305
15 0.346
16 0.364
17 0.385
18 0.407
19 0.435
20 0.458
21 0.478
22 0.5
23 0.509
24 0.579
25 0.566
26 0.567
27 0.615
28 0.651
29 0.65
30 0.672
1 0.019
2 0.04
3 0.073
4 0.083
5 0.109
6 0.122
7 0.153
8 0.165
9 0.192
10 0.242
11 0.257
12 0.247
13 0.286
14 0.316
15 0.315
16 0.362
17 0.366
18 0.394
19 0.435
20 0.499
21 0.489
22 0.495
23 0.525
24 0.538
25 0.555
26 0.584
27 0.615
28 0.652
29 0.658
30 0.659
1 0.02
2 0.034
3 0.068
4 0.077
5 0.108
6 0.134
7 0.159
8 0.183
9 0.194
10 0.221
11 0.237
12 0.259
13 0.281
14 0.309
15 0.351
16 0.345
17 0.404
18 0.411
19 0.432
20 0.46
21 0.493
22 0.512
23 0.49
24 0.516
25 0.553
26 0.584
27 0.602
28 0.65
29 0.623
30 0.66
1 0.019
2 0.043
3 0.071
4 0.089
5 0.13
6 0.122
7 0.137
8 0.147
9 0.191
10 0.216
11 0.25
12 0.271
13 0.312
14 0.346
15 0.335
16 0.332
17 0.358
18 0.402
19 0.432
20 0.475
21 0.471
22 0.494
23 0.5
24 0.527
25 0.558
26 0.594
27 0.599
28 0.623
29 0.648
30 0.668
1 0.02
2 0.049
3 0.065
4 0.106
5 0.12
6 0.132
7 0.146
8 0.18
9 0.199
10 0.207
11 0.235
12 0.257
13 0.288
14 0.308
15 0.324
16 0.374
17 0.352
18 0.399
19 0.41
20 0.465
21 0.451
22 0.518
23 0.49
24 0.544
25 0.543
26 0.588
27 0.602
28 0.616
29 0.656
30 0.663
1 0.021
2 0.037
3 0.067
4 0.098
5 0.12
6 0.161
7 0.158
8 0.183
9 0.213
10 0.221
11 0.251
12 0.265
13 0.296
14 0.334
15 0.335
16 0.361
17 0.354
18 0.402
19 0.437
20 0.389
21 0.498
22 0.463
23 0.525
24 0.522
25 0.553
26 0.568
27 0.584
28 0.628
29 0.654
30 0.676
1 0.026
2 0.058
3 0.053
4 0.088
5 0.094
6 0.132
7 0.147
8 0.175
9 0.183
10 0.226
11 0.218
12 0.28
13 0.303
14 0.32
15 0.336
16 0.358
17 0.381
18 0.394
19 0.423
20 0.457
21 0.441
22 0.49
23 0.535
24 0.509
25 0.577
26 0.604
27 0.595
28 0.629
29 0.626
30 0.68
1 0.018
2 0.044
3 0.07
4 0.103
5 0.11
6 0.125
7 0.158
8 0.171
9 0.193
10 0.239
11 0.259
12 0.279
13 0.302
14 0.313
15 0.315
16 0.339
17 0.359
18 0.398
19 0.453
20 0.447
21 0.482
22 0.493
23 0.512
24 0.521
25 0.557
26 0.579
27 0.602
28 0.6
29 0.645
30 0.645
1 0.016
2 0.054
3 0.088
4 0.094
5 0.122
6 0.126
7 0.15
8 0.171
9 0.213
10 0.218
11 0.241
12 0.249
13 0.281
14 0.316
15 0.3
16 0.374
17 0.373
18 0.4
19 0.429
20 0.462
21 0.43
22 0.481
23 0.514
24 0.527
25 0.557
26 0.584
27 0.608
28 0.626
29 0.637
30 0.66
1 0.024
2 0.042
3 0.062
4 0.093
5 0.108
6 0.122
7 0.153
8 0.17
9 0.198
10 0.228
11 0.239
12 0.25
13 0.29
14 0.315
15 0.345
16 0.354
17 0.387
18 0.42
19 0.429
20 0.452
21 0.452
22 0.489
23 0.519
24 0.518
25 0.549
26 0.545
27 0.618
28 0.611
29 0.667
30 0.69
1 0.028
2 0.046
3 0.07
4 0.11
5 0.113
6 0.143
7 0.12
8 0.186
9 0.199
10 0.214
11 0.239
12 0.274
13 0.274
14 0.302
15 0.317
16 0.369
17 0.392
18 0.391
19 0.448
20 0.446
21 0.469
22 0.523
23 0.507
24 0.541
25 0.548
26 0.562
27 0.597
28 0.612
29 0.665
30 0.658
